1.71419,-2.52901,-1.13059,-0.88660,-1.85014,3.13991
1.71442,-2.52813,-1.13187,-0.88699,-1.84920,3.14003
1.71466,-2.52724,-1.13314,-0.88739,-1.84826,3.14014
1.71490,-2.52636,-1.13441,-0.88779,-1.84731,3.14026
1.71513,-2.52547,-1.13568,-0.88819,-1.84637,3.14038
1.71537,-2.52459,-1.13694,-0.88859,-1.84542,3.14050
1.71561,-2.52370,-1.13821,-0.88899,-1.84448,3.14063
1.71607,-2.52320,-1.13905,-0.88910,-1.84328,3.13992
1.71653,-2.52270,-1.13987,-0.88921,-1.84209,3.13923
1.71690,-2.52270,-1.14014,-0.88899,-1.84101,3.13896
1.71726,-2.52270,-1.14041,-0.88876,-1.83994,3.13869
1.71767,-2.52285,-1.14039,-0.88845,-1.83875,3.13837
1.71809,-2.52301,-1.14036,-0.88814,-1.83756,3.13805
1.71865,-2.52293,-1.14064,-0.88796,-1.83623,3.13690
1.71920,-2.52285,-1.14091,-0.88777,-1.83491,3.13575
1.71961,-2.52285,-1.14115,-0.88752,-1.83378,3.13555
1.72001,-2.52285,-1.14140,-0.88728,-1.83264,3.13534
1.72042,-2.52290,-1.14159,-0.88702,-1.83145,3.13503
1.72082,-2.52294,-1.14177,-0.88676,-1.83027,3.13473
1.72126,-2.52281,-1.14227,-0.88658,-1.82909,3.13441
1.72168,-2.52268,-1.14276,-0.88640,-1.82793,3.13410
1.72207,-2.52251,-1.14333,-0.88629,-1.82678,3.13415
1.72246,-2.52234,-1.14389,-0.88617,-1.82563,3.13420
1.72286,-2.52244,-1.14394,-0.88588,-1.82449,3.13389
1.72325,-2.52254,-1.14400,-0.88559,-1.82337,3.13358
1.72368,-2.52256,-1.14419,-0.88535,-1.82221,3.13312
1.72412,-2.52257,-1.14438,-0.88511,-1.82106,3.13266
1.72447,-2.52290,-1.14404,-0.88468,-1.81997,3.13248
1.72482,-2.52322,-1.14371,-0.88426,-1.81889,3.13229
1.72526,-2.52312,-1.14410,-0.88407,-1.81773,3.13181
1.72569,-2.52304,-1.14448,-0.88389,-1.81658,3.13133
1.72608,-2.52315,-1.14451,-0.88359,-1.81546,3.13102
1.72648,-2.52325,-1.14456,-0.88330,-1.81435,3.13070
1.72686,-2.52332,-1.14465,-0.88303,-1.81327,3.13046
1.72724,-2.52340,-1.14474,-0.88277,-1.81220,3.13021
1.72765,-2.52347,-1.14484,-0.88249,-1.81105,3.12986
1.72806,-2.52354,-1.14493,-0.88222,-1.80991,3.12950
1.72837,-2.52387,-1.14456,-0.88180,-1.80890,3.12934
1.72869,-2.52420,-1.14420,-0.88139,-1.80788,3.12918
1.72916,-2.52411,-1.14458,-0.88121,-1.80668,3.12874
1.72962,-2.52401,-1.14497,-0.88104,-1.80549,3.12829
1.72997,-2.52417,-1.14491,-0.88073,-1.80444,3.12815
1.73032,-2.52433,-1.14486,-0.88042,-1.80338,3.12801
1.73072,-2.52456,-1.14466,-0.88006,-1.80228,3.12759
1.73111,-2.52478,-1.14447,-0.87971,-1.80118,3.12717
1.73148,-2.52478,-1.14468,-0.87948,-1.80009,3.12707
1.73185,-2.52479,-1.14488,-0.87925,-1.79901,3.12696
1.73230,-2.52488,-1.14491,-0.87898,-1.79784,3.12636
1.73276,-2.52496,-1.14495,-0.87871,-1.79666,3.12577
1.73313,-2.52512,-1.14486,-0.87840,-1.79559,3.12552
1.73351,-2.52529,-1.14478,-0.87809,-1.79452,3.12526
1.73388,-2.52547,-1.14465,-0.87776,-1.79344,3.12491
1.73426,-2.52565,-1.14453,-0.87743,-1.79237,3.12456
1.73464,-2.52581,-1.14445,-0.87713,-1.79131,3.12424
1.73502,-2.52597,-1.14437,-0.87682,-1.79024,3.12392
1.73539,-2.52608,-1.14436,-0.87655,-1.78917,3.12369
1.73577,-2.52618,-1.14436,-0.87628,-1.78811,3.12344
1.73615,-2.52633,-1.14430,-0.87597,-1.78704,3.12315
1.73653,-2.52647,-1.14424,-0.87568,-1.78597,3.12286
1.73690,-2.52685,-1.14378,-0.87523,-1.78488,3.12243
1.73728,-2.52722,-1.14332,-0.87478,-1.78379,3.12202
1.73770,-2.52723,-1.14348,-0.87455,-1.78265,3.12163
1.73812,-2.52725,-1.14363,-0.87431,-1.78151,3.12125
1.73850,-2.52733,-1.14368,-0.87406,-1.78042,3.12093
1.73889,-2.52741,-1.14374,-0.87379,-1.77932,3.12063
1.73927,-2.52746,-1.14384,-0.87355,-1.77825,3.12032
1.73965,-2.52750,-1.14395,-0.87332,-1.77719,3.12002
1.74002,-2.52758,-1.14399,-0.87306,-1.77614,3.11972
1.74039,-2.52767,-1.14403,-0.87280,-1.77509,3.11941
1.74080,-2.52770,-1.14417,-0.87257,-1.77395,3.11909
1.74120,-2.52774,-1.14431,-0.87233,-1.77282,3.11877
1.74158,-2.52777,-1.14444,-0.87210,-1.77175,3.11847
1.74196,-2.52780,-1.14456,-0.87187,-1.77070,3.11817
1.74235,-2.52786,-1.14465,-0.87162,-1.76960,3.11785
1.74274,-2.52791,-1.14475,-0.87137,-1.76851,3.11753
1.74313,-2.52794,-1.14490,-0.87113,-1.76741,3.11723
1.74352,-2.52796,-1.14505,-0.87089,-1.76630,3.11693
1.74387,-2.52815,-1.14494,-0.87056,-1.76525,3.11652
1.74422,-2.52835,-1.14481,-0.87023,-1.76420,3.11613
1.74474,-2.52801,-1.14558,-0.87017,-1.76297,3.11593
1.74526,-2.52768,-1.14635,-0.87011,-1.76174,3.11574
1.74563,-2.52772,-1.14645,-0.86987,-1.76069,3.11547
1.74601,-2.52776,-1.14655,-0.86963,-1.75963,3.11519
1.74640,-2.52796,-1.14638,-0.86928,-1.75853,3.11480
1.74680,-2.52816,-1.14620,-0.86893,-1.75743,3.11440
1.74719,-2.52821,-1.14628,-0.86868,-1.75633,3.11419
1.74759,-2.52827,-1.14637,-0.86842,-1.75522,3.11397
1.74789,-2.52821,-1.14666,-0.86825,-1.75424,3.11410
1.74821,-2.52814,-1.14696,-0.86808,-1.75326,3.11423
1.74858,-2.52826,-1.14693,-0.86779,-1.75220,3.11390
1.74896,-2.52836,-1.14691,-0.86751,-1.75113,3.11357
1.74933,-2.52839,-1.14703,-0.86728,-1.75011,3.11332
1.74970,-2.52842,-1.14714,-0.86704,-1.74909,3.11307
1.75009,-2.52837,-1.14742,-0.86684,-1.74801,3.11290
1.75048,-2.52832,-1.14769,-0.86664,-1.74692,3.11274
1.75087,-2.52861,-1.14733,-0.86626,-1.74583,3.11251
1.75125,-2.52890,-1.14697,-0.86587,-1.74475,3.11228
1.75163,-2.52888,-1.14717,-0.86566,-1.74369,3.11205
1.75201,-2.52885,-1.14739,-0.86546,-1.74264,3.11181
1.75239,-2.52878,-1.14769,-0.86527,-1.74157,3.11154
1.75278,-2.52870,-1.14801,-0.86509,-1.74051,3.11125
1.75299,-2.52866,-1.14820,-0.86492,-1.73992,3.11093
1.75320,-2.52861,-1.14839,-0.86476,-1.73933,3.11062
1.75341,-2.52858,-1.14856,-0.86458,-1.73875,3.11029
1.75362,-2.52855,-1.14874,-0.86441,-1.73816,3.10996
1.75384,-2.52847,-1.14900,-0.86424,-1.73756,3.10955
1.75406,-2.52839,-1.14925,-0.86407,-1.73696,3.10916
1.75422,-2.52923,-1.14778,-0.86341,-1.73653,3.10805
1.75438,-2.53006,-1.14629,-0.86275,-1.73609,3.10695
1.75488,-2.52954,-1.14732,-0.86278,-1.73516,3.10571
1.75538,-2.52901,-1.14836,-0.86280,-1.73422,3.10447
1.75559,-2.52897,-1.14856,-0.86261,-1.73365,3.10310
1.75581,-2.52892,-1.14877,-0.86241,-1.73309,3.10173
1.75605,-2.52922,-1.14834,-0.86202,-1.73251,3.10016
1.75630,-2.52952,-1.14792,-0.86164,-1.73193,3.09857
1.75656,-2.52927,-1.14849,-0.86156,-1.73126,3.09672
1.75683,-2.52902,-1.14906,-0.86148,-1.73058,3.09488
1.75705,-2.52896,-1.14930,-0.86129,-1.72997,3.09294
1.75726,-2.52890,-1.14954,-0.86111,-1.72936,3.09100
1.75753,-2.52871,-1.15001,-0.86100,-1.72869,3.08911
1.75780,-2.52850,-1.15051,-0.86089,-1.72801,3.08722
1.75811,-2.52833,-1.15093,-0.86075,-1.72727,3.08534
1.75842,-2.52817,-1.15136,-0.86061,-1.72653,3.08347
1.75869,-2.52799,-1.15179,-0.86048,-1.72584,3.08155
1.75897,-2.52782,-1.15223,-0.86035,-1.72515,3.07963
1.75919,-2.52810,-1.15185,-0.85997,-1.72453,3.07796
1.75941,-2.52838,-1.15148,-0.85959,-1.72393,3.07628
1.75969,-2.52829,-1.15176,-0.85941,-1.72326,3.07442
1.75997,-2.52821,-1.15202,-0.85923,-1.72261,3.07256
1.76024,-2.52843,-1.15175,-0.85886,-1.72194,3.07077
1.76050,-2.52865,-1.15147,-0.85850,-1.72128,3.06898
1.76073,-2.52880,-1.15133,-0.85820,-1.72066,3.06721
1.76097,-2.52895,-1.15118,-0.85789,-1.72003,3.06543
1.76127,-2.52887,-1.15145,-0.85770,-1.71932,3.06351
1.76157,-2.52879,-1.15171,-0.85750,-1.71860,3.06159
1.76184,-2.52896,-1.15154,-0.85717,-1.71791,3.05979
1.76212,-2.52912,-1.15137,-0.85685,-1.71721,3.05798
1.76234,-2.52980,-1.15023,-0.85623,-1.71662,3.05642
1.76256,-2.53049,-1.14908,-0.85562,-1.71603,3.05487
1.76278,-2.53031,-1.14954,-0.85551,-1.71540,3.05298
1.76300,-2.53012,-1.15001,-0.85540,-1.71477,3.05109
1.76335,-2.53031,-1.14982,-0.85503,-1.71401,3.04977
1.76369,-2.53050,-1.14962,-0.85467,-1.71325,3.04844
1.76391,-2.53095,-1.14893,-0.85419,-1.71267,3.04716
1.76413,-2.53140,-1.14822,-0.85372,-1.71210,3.04589
1.76425,-2.53234,-1.14661,-0.85299,-1.71160,3.04468
1.76438,-2.53327,-1.14499,-0.85226,-1.71109,3.04347
1.76459,-2.53370,-1.14431,-0.85181,-1.71050,3.04224
1.76480,-2.53415,-1.14360,-0.85135,-1.70992,3.04102
1.76499,-2.53465,-1.14282,-0.85085,-1.70935,3.04008
1.76519,-2.53515,-1.14204,-0.85036,-1.70877,3.03913
1.76550,-2.53578,-1.14106,-0.84977,-1.70805,3.03805
1.76582,-2.53640,-1.14007,-0.84918,-1.70733,3.03695
1.76617,-2.53651,-1.14006,-0.84886,-1.70658,3.03572
1.76651,-2.53661,-1.14006,-0.84855,-1.70585,3.03449
1.76671,-2.53762,-1.13832,-0.84777,-1.70526,3.03389
1.76690,-2.53865,-1.13656,-0.84699,-1.70467,3.03328
1.76705,-2.53884,-1.13624,-0.84670,-1.70417,3.03252
1.76719,-2.53903,-1.13590,-0.84641,-1.70368,3.03176
1.76749,-2.53947,-1.13524,-0.84593,-1.70297,3.03137
1.76779,-2.53992,-1.13456,-0.84544,-1.70228,3.03099
1.76796,-2.54045,-1.13369,-0.84496,-1.70173,3.03062
1.76813,-2.54097,-1.13283,-0.84448,-1.70119,3.03025
1.76829,-2.54124,-1.13242,-0.84413,-1.70064,3.02891
1.76845,-2.54151,-1.13202,-0.84378,-1.70011,3.02757
1.76868,-2.54193,-1.13137,-0.84333,-1.69947,3.02688
1.76893,-2.54234,-1.13072,-0.84289,-1.69883,3.02618
1.76927,-2.54255,-1.13048,-0.84252,-1.69808,3.02536
1.76962,-2.54275,-1.13024,-0.84216,-1.69732,3.02455
1.76981,-2.54329,-1.12933,-0.84166,-1.69674,3.02371
1.77001,-2.54384,-1.12839,-0.84116,-1.69616,3.02287
1.77018,-2.54428,-1.12771,-0.84072,-1.69560,3.02220
1.77035,-2.54472,-1.12700,-0.84028,-1.69504,3.02153
1.77065,-2.54512,-1.12638,-0.83983,-1.69433,3.02085
1.77095,-2.54550,-1.12575,-0.83939,-1.69361,3.02015
1.77116,-2.54533,-1.12618,-0.83927,-1.69301,3.01971
1.77138,-2.54515,-1.12662,-0.83916,-1.69241,3.01927
1.77165,-2.54594,-1.12528,-0.83850,-1.69172,3.01882
1.77192,-2.54674,-1.12393,-0.83785,-1.69103,3.01838
1.77209,-2.54613,-1.12518,-0.83797,-1.69049,3.01785
1.77226,-2.54553,-1.12642,-0.83809,-1.68995,3.01731
1.77257,-2.54528,-1.12689,-0.83799,-1.68926,3.01684
1.77287,-2.54503,-1.12736,-0.83790,-1.68857,3.01635
1.77307,-2.54710,-1.12378,-0.83657,-1.68794,3.01588
1.77327,-2.54917,-1.12017,-0.83524,-1.68732,3.01540
1.77352,-2.54939,-1.11988,-0.83490,-1.68664,3.01501
1.77377,-2.54961,-1.11958,-0.83456,-1.68597,3.01461
1.77396,-2.54986,-1.11918,-0.83423,-1.68538,3.01404
1.77416,-2.55011,-1.11879,-0.83390,-1.68478,3.01347
1.77441,-2.55030,-1.11851,-0.83358,-1.68413,3.01314
1.77467,-2.55050,-1.11821,-0.83326,-1.68348,3.01282
1.77492,-2.55065,-1.11805,-0.83297,-1.68282,3.01250
1.77516,-2.55079,-1.11788,-0.83268,-1.68216,3.01217
1.77540,-2.55092,-1.11774,-0.83240,-1.68151,3.01186
1.77564,-2.55105,-1.11758,-0.83211,-1.68085,3.01153
1.77588,-2.55118,-1.11743,-0.83182,-1.68020,3.01122
1.77613,-2.55131,-1.11728,-0.83153,-1.67955,3.01091
1.77637,-2.55146,-1.11712,-0.83124,-1.67888,3.01056
1.77661,-2.55161,-1.11694,-0.83094,-1.67822,3.01021
1.77685,-2.55174,-1.11678,-0.83066,-1.67757,3.00989
1.77709,-2.55188,-1.11661,-0.83037,-1.67692,3.00956
1.77748,-2.55241,-1.11585,-0.82936,-1.67593,3.00996
1.77786,-2.55294,-1.11508,-0.82836,-1.67493,3.01034
1.77824,-2.55342,-1.11440,-0.82738,-1.67393,3.01097
1.77862,-2.55389,-1.11371,-0.82641,-1.67293,3.01160
1.77899,-2.55427,-1.11324,-0.82549,-1.67195,3.01171
1.77936,-2.55464,-1.11279,-0.82456,-1.67097,3.01181
1.77977,-2.55534,-1.11173,-0.82346,-1.66993,3.01219
1.78017,-2.55603,-1.11068,-0.82237,-1.66890,3.01256
1.78057,-2.55676,-1.10954,-0.82127,-1.66787,3.01315
1.78096,-2.55748,-1.10840,-0.82017,-1.66683,3.01373
1.78133,-2.55747,-1.10864,-0.81945,-1.66583,3.01431
1.78169,-2.55746,-1.10889,-0.81873,-1.66483,3.01487
1.78229,-2.55745,-1.10919,-0.81793,-1.66354,3.01570
1.78289,-2.55744,-1.10949,-0.81714,-1.66226,3.01651
1.78331,-2.55784,-1.10894,-0.81620,-1.66117,3.01774
1.78373,-2.55824,-1.10840,-0.81526,-1.66007,3.01898
1.78412,-2.55862,-1.10790,-0.81434,-1.65908,3.01951
1.78451,-2.55899,-1.10740,-0.81343,-1.65809,3.02006
1.78490,-2.55945,-1.10659,-0.81247,-1.65713,3.01991
1.78529,-2.55991,-1.10579,-0.81152,-1.65618,3.01975
1.78569,-2.56028,-1.10532,-0.81060,-1.65515,3.02037
1.78610,-2.56064,-1.10486,-0.80969,-1.65411,3.02097
1.78650,-2.56100,-1.10439,-0.80877,-1.65308,3.02156
1.78691,-2.56135,-1.10393,-0.80786,-1.65204,3.02214
1.78730,-2.56168,-1.10352,-0.80696,-1.65099,3.02299
1.78770,-2.56200,-1.10311,-0.80607,-1.64996,3.02384
1.78809,-2.56226,-1.10287,-0.80520,-1.64893,3.02440
1.78849,-2.56251,-1.10264,-0.80434,-1.64791,3.02496
1.78891,-2.56301,-1.10187,-0.80336,-1.64688,3.02527
1.78934,-2.56350,-1.10110,-0.80238,-1.64584,3.02558
1.78974,-2.56362,-1.10109,-0.80158,-1.64480,3.02606
1.79015,-2.56373,-1.10108,-0.80078,-1.64376,3.02654
1.79055,-2.56432,-1.10014,-0.79976,-1.64274,3.02717
1.79096,-2.56490,-1.09920,-0.79875,-1.64171,3.02782
1.79135,-2.56524,-1.09886,-0.79784,-1.64066,3.02833
1.79175,-2.56556,-1.09853,-0.79694,-1.63961,3.02884
1.79216,-2.56597,-1.09796,-0.79600,-1.63856,3.02936
1.79256,-2.56638,-1.09738,-0.79506,-1.63752,3.02988
1.79295,-2.56666,-1.09697,-0.79420,-1.63650,3.03078
1.79333,-2.56693,-1.09658,-0.79335,-1.63547,3.03166
1.79370,-2.56740,-1.09585,-0.79240,-1.63446,3.03226
1.79407,-2.56787,-1.09511,-0.79145,-1.63345,3.03286
1.79447,-2.56819,-1.09469,-0.79056,-1.63239,3.03328
1.79487,-2.56850,-1.09429,-0.78967,-1.63132,3.03370
1.79530,-2.56890,-1.09376,-0.78872,-1.63027,3.03423
1.79573,-2.56930,-1.09323,-0.78778,-1.62922,3.03476
1.79618,-2.56969,-1.09269,-0.78684,-1.62811,3.03551
1.79663,-2.57008,-1.09214,-0.78589,-1.62700,3.03625
1.79705,-2.57052,-1.09148,-0.78494,-1.62593,3.03648
1.79746,-2.57097,-1.09082,-0.78398,-1.62486,3.03670
1.79793,-2.57140,-1.09017,-0.78301,-1.62376,3.03691
1.79840,-2.57183,-1.08952,-0.78205,-1.62266,3.03712
1.79880,-2.57203,-1.08932,-0.78121,-1.62157,3.03811
1.79920,-2.57223,-1.08911,-0.78038,-1.62049,3.03911
1.79969,-2.57275,-1.08835,-0.77935,-1.61935,3.03924
1.80018,-2.57327,-1.08758,-0.77833,-1.61821,3.03936
1.80057,-2.57331,-1.08769,-0.77757,-1.61712,3.04024
1.80096,-2.57334,-1.08780,-0.77680,-1.61604,3.04112
1.80144,-2.57342,-1.08785,-0.77599,-1.61486,3.04183
1.80191,-2.57349,-1.08789,-0.77517,-1.61367,3.04254
1.80234,-2.57360,-1.08782,-0.77436,-1.61261,3.04277
1.80276,-2.57371,-1.08774,-0.77356,-1.61154,3.04302
1.80316,-2.57406,-1.08724,-0.77264,-1.61051,3.04300
1.80358,-2.57442,-1.08673,-0.77172,-1.60947,3.04297
1.80405,-2.57431,-1.08717,-0.77099,-1.60831,3.04330
1.80452,-2.57418,-1.08762,-0.77026,-1.60715,3.04364
1.80492,-2.57395,-1.08823,-0.76961,-1.60609,3.04414
1.80531,-2.57371,-1.08884,-0.76897,-1.60503,3.04465
1.80574,-2.57353,-1.08942,-0.76828,-1.60395,3.04477
1.80617,-2.57335,-1.09000,-0.76759,-1.60286,3.04488
1.80659,-2.57322,-1.09032,-0.76689,-1.60176,3.04529
1.80701,-2.57308,-1.09066,-0.76620,-1.60067,3.04570
1.80743,-2.57306,-1.09085,-0.76545,-1.59962,3.04602
1.80785,-2.57303,-1.09107,-0.76470,-1.59856,3.04633
1.80830,-2.57287,-1.09155,-0.76399,-1.59742,3.04678
1.80874,-2.57271,-1.09205,-0.76328,-1.59628,3.04723
1.80919,-2.57258,-1.09243,-0.76257,-1.59512,3.04746
1.80963,-2.57246,-1.09280,-0.76186,-1.59395,3.04770
1.81009,-2.57234,-1.09325,-0.76113,-1.59284,3.04789
1.81055,-2.57222,-1.09370,-0.76039,-1.59173,3.04807
1.81105,-2.57205,-1.09426,-0.75966,-1.59052,3.04805
1.81155,-2.57187,-1.09481,-0.75893,-1.58931,3.04803
1.81193,-2.57159,-1.09543,-0.75829,-1.58829,3.04834
1.81231,-2.57131,-1.09605,-0.75766,-1.58727,3.04864
1.81281,-2.57093,-1.09703,-0.75702,-1.58602,3.04857
1.81330,-2.57055,-1.09801,-0.75639,-1.58478,3.04849
1.81378,-2.57051,-1.09822,-0.75561,-1.58363,3.04859
1.81425,-2.57046,-1.09842,-0.75484,-1.58249,3.04869
1.81466,-2.57027,-1.09895,-0.75420,-1.58145,3.04876
1.81506,-2.57008,-1.09947,-0.75355,-1.58040,3.04883
1.81555,-2.56977,-1.10029,-0.75290,-1.57924,3.04848
1.81604,-2.56946,-1.10112,-0.75225,-1.57809,3.04812
1.81642,-2.56960,-1.10102,-0.75141,-1.57705,3.04855
1.81681,-2.56974,-1.10090,-0.75058,-1.57601,3.04899
1.81726,-2.56965,-1.10118,-0.74986,-1.57492,3.04852
1.81771,-2.56955,-1.10144,-0.74914,-1.57384,3.04804
1.81816,-2.56939,-1.10191,-0.74843,-1.57271,3.04810
1.81860,-2.56924,-1.10238,-0.74773,-1.57158,3.04817
1.81899,-2.56890,-1.10324,-0.74712,-1.57050,3.04807
1.81938,-2.56856,-1.10411,-0.74650,-1.56942,3.04797
1.81981,-2.56764,-1.10597,-0.74636,-1.56839,3.04818
1.82024,-2.56672,-1.10780,-0.74622,-1.56737,3.04841
1.82062,-2.56577,-1.10987,-0.74611,-1.56643,3.04759
1.82100,-2.56483,-1.11192,-0.74600,-1.56548,3.04677
1.82136,-2.56425,-1.11314,-0.74572,-1.56459,3.04597
1.82173,-2.56368,-1.11434,-0.74544,-1.56370,3.04517
1.82210,-2.56321,-1.11527,-0.74513,-1.56281,3.04457
1.82247,-2.56274,-1.11620,-0.74481,-1.56192,3.04397
1.82291,-2.56177,-1.11823,-0.74470,-1.56083,3.04415
1.82335,-2.56079,-1.12026,-0.74458,-1.55973,3.04431
1.82369,-2.55966,-1.12249,-0.74460,-1.55877,3.04487
1.82404,-2.55854,-1.12470,-0.74461,-1.55780,3.04541
1.82449,-2.55745,-1.12702,-0.74458,-1.55675,3.04533
1.82494,-2.55637,-1.12934,-0.74455,-1.55569,3.04525
1.82532,-2.55569,-1.13070,-0.74434,-1.55477,3.04474
1.82569,-2.55501,-1.13206,-0.74413,-1.55386,3.04425
1.82617,-2.55405,-1.13417,-0.74402,-1.55271,3.04415
1.82665,-2.55308,-1.13628,-0.74390,-1.55158,3.04408
1.82702,-2.55216,-1.13816,-0.74381,-1.55063,3.04396
1.82740,-2.55124,-1.14004,-0.74372,-1.54968,3.04384
1.82777,-2.55042,-1.14161,-0.74359,-1.54872,3.04385
1.82814,-2.54961,-1.14319,-0.74345,-1.54775,3.04386
1.82857,-2.54884,-1.14494,-0.74326,-1.54672,3.04338
1.82901,-2.54808,-1.14667,-0.74307,-1.54568,3.04290
1.82938,-2.54721,-1.14842,-0.74296,-1.54474,3.04274
1.82974,-2.54636,-1.15014,-0.74285,-1.54380,3.04258
1.83014,-2.54547,-1.15198,-0.74274,-1.54280,3.04239
1.83054,-2.54458,-1.15383,-0.74264,-1.54180,3.04222
1.83093,-2.54363,-1.15569,-0.74258,-1.54080,3.04220
1.83133,-2.54266,-1.15757,-0.74252,-1.53980,3.04218
1.83174,-2.54174,-1.15947,-0.74244,-1.53876,3.04199
1.83216,-2.54081,-1.16137,-0.74235,-1.53771,3.04179
1.83255,-2.54011,-1.16292,-0.74216,-1.53675,3.04100
1.83294,-2.53941,-1.16447,-0.74197,-1.53579,3.04021
1.83335,-2.53844,-1.16638,-0.74192,-1.53476,3.04051
1.83376,-2.53746,-1.16831,-0.74187,-1.53373,3.04082
1.83414,-2.53668,-1.16992,-0.74173,-1.53276,3.04047
1.83453,-2.53589,-1.17154,-0.74159,-1.53180,3.04012
1.83496,-2.53503,-1.17346,-0.74148,-1.53076,3.04000
1.83539,-2.53416,-1.17538,-0.74138,-1.52972,3.03988
1.83575,-2.53368,-1.17639,-0.74109,-1.52880,3.03917
1.83612,-2.53320,-1.17738,-0.74079,-1.52790,3.03846
1.83646,-2.53272,-1.17836,-0.74051,-1.52706,3.03753
1.83681,-2.53224,-1.17936,-0.74022,-1.52621,3.03660
1.83717,-2.53173,-1.18040,-0.73995,-1.52532,3.03596
1.83753,-2.53121,-1.18144,-0.73967,-1.52441,3.03532
1.83786,-2.53076,-1.18237,-0.73938,-1.52361,3.03409
1.83818,-2.53031,-1.18329,-0.73908,-1.52282,3.03287
1.83853,-2.52985,-1.18424,-0.73878,-1.52196,3.03220
1.83887,-2.52940,-1.18517,-0.73848,-1.52111,3.03153
1.83917,-2.52904,-1.18576,-0.73814,-1.52037,3.03158
1.83947,-2.52868,-1.18635,-0.73780,-1.51961,3.03163
1.83981,-2.52825,-1.18727,-0.73749,-1.51876,3.03133
1.84015,-2.52781,-1.18822,-0.73718,-1.51791,3.03104
1.84048,-2.52753,-1.18880,-0.73678,-1.51711,3.03005
1.84080,-2.52726,-1.18935,-0.73639,-1.51633,3.02906
1.84118,-2.52690,-1.19020,-0.73600,-1.51537,3.02975
1.84156,-2.52654,-1.19104,-0.73561,-1.51440,3.03042
1.84191,-2.52599,-1.19210,-0.73537,-1.51355,3.02924
1.84226,-2.52544,-1.19316,-0.73513,-1.51271,3.02805
1.84259,-2.52519,-1.19371,-0.73471,-1.51189,3.02755
1.84292,-2.52493,-1.19428,-0.73429,-1.51108,3.02706
1.84326,-2.52470,-1.19489,-0.73385,-1.51020,3.02741
1.84360,-2.52446,-1.19549,-0.73341,-1.50933,3.02777
1.84401,-2.52366,-1.19712,-0.73329,-1.50832,3.02755
1.84442,-2.52287,-1.19874,-0.73316,-1.50732,3.02733
1.84483,-2.52213,-1.20029,-0.73300,-1.50628,3.02714
1.84524,-2.52139,-1.20184,-0.73284,-1.50525,3.02696
1.84565,-2.52060,-1.20345,-0.73271,-1.50424,3.02673
1.84606,-2.51981,-1.20507,-0.73259,-1.50323,3.02652
1.84650,-2.51883,-1.20698,-0.73257,-1.50217,3.02622
1.84694,-2.51784,-1.20889,-0.73255,-1.50112,3.02592
1.84730,-2.51731,-1.20997,-0.73229,-1.50023,3.02555
1.84767,-2.51679,-1.21104,-0.73204,-1.49934,3.02518
1.84803,-2.51646,-1.21173,-0.73165,-1.49846,3.02465
1.84839,-2.51613,-1.21241,-0.73126,-1.49758,3.02411
1.84879,-2.51544,-1.21384,-0.73109,-1.49658,3.02372
1.84919,-2.51476,-1.21527,-0.73091,-1.49557,3.02331
1.84962,-2.51389,-1.21695,-0.73083,-1.49454,3.02288
1.85005,-2.51301,-1.21862,-0.73076,-1.49349,3.02244
1.85047,-2.51222,-1.22021,-0.73064,-1.49246,3.02231
1.85089,-2.51143,-1.22179,-0.73053,-1.49144,3.02218
1.85130,-2.51073,-1.22323,-0.73036,-1.49044,3.02184
1.85171,-2.51003,-1.22467,-0.73020,-1.48943,3.02149
1.85211,-2.50927,-1.22618,-0.73007,-1.48843,3.02112
1.85252,-2.50850,-1.22770,-0.72995,-1.48742,3.02075
1.85292,-2.50786,-1.22900,-0.72976,-1.48645,3.02007
1.85332,-2.50721,-1.23032,-0.72957,-1.48547,3.01939
1.85373,-2.50653,-1.23169,-0.72939,-1.48448,3.01860
1.85414,-2.50585,-1.23306,-0.72921,-1.48349,3.01781
1.85453,-2.50497,-1.23476,-0.72920,-1.48251,3.01774
1.85491,-2.50408,-1.23645,-0.72919,-1.48152,3.01767
1.85531,-2.50338,-1.23783,-0.72904,-1.48054,3.01723
1.85571,-2.50269,-1.23919,-0.72888,-1.47956,3.01678
1.85610,-2.50184,-1.24080,-0.72885,-1.47860,3.01596
1.85650,-2.50099,-1.24240,-0.72882,-1.47764,3.01513
1.85690,-2.50028,-1.24380,-0.72866,-1.47663,3.01469
1.85732,-2.49958,-1.24520,-0.72851,-1.47562,3.01425
1.85773,-2.49886,-1.24661,-0.72836,-1.47460,3.01381
1.85815,-2.49815,-1.24801,-0.72821,-1.47358,3.01337
1.85819,-2.49857,-1.24721,-0.72800,-1.47343,3.01460
1.85823,-2.49897,-1.24644,-0.72780,-1.47327,3.01584
1.85829,-2.49952,-1.24534,-0.72749,-1.47308,3.01601
1.85835,-2.50006,-1.24427,-0.72719,-1.47289,3.01618
1.85842,-2.50063,-1.24321,-0.72688,-1.47268,3.01648
1.85850,-2.50119,-1.24216,-0.72657,-1.47248,3.01678
1.85857,-2.50170,-1.24112,-0.72629,-1.47226,3.01705
1.85864,-2.50219,-1.24010,-0.72603,-1.47204,3.01733
1.85871,-2.50274,-1.23910,-0.72572,-1.47183,3.01778
1.85879,-2.50328,-1.23811,-0.72542,-1.47162,3.01823
1.85884,-2.50383,-1.23699,-0.72513,-1.47146,3.01856
1.85889,-2.50439,-1.23586,-0.72484,-1.47130,3.01888
1.85897,-2.50485,-1.23492,-0.72458,-1.47104,3.01939
1.85905,-2.50533,-1.23397,-0.72432,-1.47079,3.01989
1.85913,-2.50584,-1.23298,-0.72404,-1.47056,3.02053
1.85920,-2.50636,-1.23200,-0.72376,-1.47033,3.02117
1.85928,-2.50690,-1.23094,-0.72346,-1.47011,3.02161
1.85935,-2.50744,-1.22989,-0.72316,-1.46988,3.02206
1.85942,-2.50800,-1.22878,-0.72286,-1.46967,3.02263
1.85949,-2.50855,-1.22768,-0.72256,-1.46946,3.02318
1.85957,-2.50912,-1.22654,-0.72224,-1.46922,3.02343
1.85965,-2.50970,-1.22540,-0.72193,-1.46900,3.02368
1.85973,-2.51016,-1.22465,-0.72169,-1.46876,3.02450
1.85981,-2.51061,-1.22391,-0.72146,-1.46853,3.02532
1.85986,-2.51128,-1.22248,-0.72109,-1.46833,3.02566
1.85991,-2.51195,-1.22105,-0.72072,-1.46814,3.02599
1.85998,-2.51251,-1.21999,-0.72043,-1.46791,3.02653
1.86005,-2.51307,-1.21892,-0.72013,-1.46769,3.02706
1.86014,-2.51357,-1.21789,-0.71986,-1.46744,3.02748
1.86022,-2.51408,-1.21687,-0.71959,-1.46720,3.02791
1.86028,-2.51466,-1.21576,-0.71928,-1.46700,3.02850
1.86033,-2.51525,-1.21466,-0.71898,-1.46680,3.02908
1.86045,-2.51574,-1.21372,-0.71870,-1.46651,3.02945
1.86056,-2.51624,-1.21278,-0.71843,-1.46620,3.02981
1.86060,-2.51687,-1.21149,-0.71811,-1.46604,3.03028
1.86064,-2.51751,-1.21019,-0.71778,-1.46588,3.03075
1.86075,-2.51804,-1.20918,-0.71749,-1.46559,3.03104
1.86085,-2.51858,-1.20818,-0.71719,-1.46531,3.03133
1.86093,-2.51917,-1.20704,-0.71688,-1.46507,3.03187
1.86102,-2.51976,-1.20588,-0.71656,-1.46483,3.03239
1.86110,-2.52033,-1.20476,-0.71626,-1.46459,3.03276
1.86118,-2.52091,-1.20363,-0.71595,-1.46435,3.03312
1.86123,-2.52155,-1.20230,-0.71562,-1.46417,3.03359
1.86128,-2.52220,-1.20097,-0.71529,-1.46398,3.03408
1.86141,-2.52259,-1.20026,-0.71509,-1.46365,3.03376
1.86154,-2.52298,-1.19953,-0.71490,-1.46334,3.03345
1.86163,-2.52357,-1.19836,-0.71458,-1.46308,3.03381
1.86171,-2.52416,-1.19719,-0.71427,-1.46282,3.03417
1.86176,-2.52470,-1.19611,-0.71401,-1.46260,3.03473
1.86181,-2.52524,-1.19503,-0.71375,-1.46236,3.03528
1.86189,-2.52587,-1.19374,-0.71341,-1.46215,3.03538
1.86198,-2.52650,-1.19245,-0.71307,-1.46194,3.03549
1.86217,-2.52604,-1.19335,-0.71338,-1.46138,3.03663
1.86236,-2.52557,-1.19426,-0.71368,-1.46081,3.03777
1.86255,-2.52500,-1.19533,-0.71406,-1.46030,3.03865
1.86274,-2.52442,-1.19642,-0.71443,-1.45978,3.03952
1.86289,-2.52379,-1.19760,-0.71487,-1.45932,3.04036
1.86302,-2.52317,-1.19876,-0.71531,-1.45887,3.04119
1.86318,-2.52265,-1.19980,-0.71567,-1.45843,3.04154
1.86334,-2.52214,-1.20083,-0.71604,-1.45798,3.04189
1.86351,-2.52159,-1.20184,-0.71641,-1.45747,3.04282
1.86369,-2.52103,-1.20286,-0.71678,-1.45696,3.04373
1.86384,-2.52046,-1.20390,-0.71718,-1.45651,3.04453
1.86399,-2.51989,-1.20494,-0.71757,-1.45607,3.04533
1.86416,-2.51942,-1.20585,-0.71790,-1.45557,3.04574
1.86434,-2.51896,-1.20674,-0.71822,-1.45507,3.04614
1.86448,-2.51838,-1.20784,-0.71861,-1.45461,3.04679
1.86462,-2.51783,-1.20891,-0.71900,-1.45416,3.04743
1.86482,-2.51736,-1.20977,-0.71931,-1.45365,3.04782
1.86502,-2.51690,-1.21062,-0.71962,-1.45313,3.04822
1.86514,-2.51698,-1.21042,-0.71960,-1.45280,3.04827
1.86526,-2.51705,-1.21022,-0.71959,-1.45248,3.04833
1.86537,-2.51713,-1.21002,-0.71958,-1.45216,3.04838
1.86549,-2.51721,-1.20982,-0.71956,-1.45184,3.04843
1.86560,-2.51728,-1.20962,-0.71956,-1.45151,3.04849
1.86572,-2.51735,-1.20944,-0.71955,-1.45119,3.04855
1.86588,-2.51694,-1.21022,-0.71982,-1.45074,3.04863
1.86604,-2.51653,-1.21099,-0.72008,-1.45030,3.04870
1.86630,-2.51579,-1.21228,-0.72052,-1.44970,3.04896
1.86655,-2.51506,-1.21357,-0.72096,-1.44910,3.04924
1.86662,-2.51488,-1.21392,-0.72112,-1.44877,3.04925
1.86669,-2.51470,-1.21428,-0.72127,-1.44845,3.04926
1.86685,-2.51423,-1.21523,-0.72159,-1.44795,3.04934
1.86702,-2.51375,-1.21618,-0.72190,-1.44746,3.04942
1.86719,-2.51331,-1.21693,-0.72219,-1.44697,3.04951
1.86737,-2.51287,-1.21771,-0.72248,-1.44648,3.04961
1.86753,-2.51289,-1.21762,-0.72248,-1.44604,3.04977
1.86769,-2.51291,-1.21752,-0.72248,-1.44560,3.04992
1.86784,-2.51292,-1.21744,-0.72248,-1.44518,3.05007
1.86800,-2.51293,-1.21736,-0.72249,-1.44476,3.05022
1.86815,-2.51294,-1.21729,-0.72250,-1.44433,3.05040
1.86831,-2.51294,-1.21723,-0.72251,-1.44389,3.05058
1.86846,-2.51293,-1.21718,-0.72253,-1.44347,3.05072
1.86861,-2.51293,-1.21711,-0.72255,-1.44305,3.05086
1.86877,-2.51296,-1.21695,-0.72254,-1.44264,3.05108
1.86893,-2.51298,-1.21680,-0.72254,-1.44222,3.05132
1.86908,-2.51300,-1.21673,-0.72254,-1.44177,3.05143
1.86923,-2.51302,-1.21667,-0.72254,-1.44133,3.05156
1.86938,-2.51305,-1.21654,-0.72253,-1.44092,3.05166
1.86953,-2.51309,-1.21641,-0.72252,-1.44051,3.05177
1.86962,-2.51263,-1.21744,-0.72219,-1.44033,3.05221
1.86970,-2.51217,-1.21846,-0.72185,-1.44015,3.05265
1.86988,-2.51056,-1.22171,-0.72221,-1.43968,3.05326
1.87006,-2.50894,-1.22498,-0.72258,-1.43921,3.05387
1.87015,-2.50856,-1.22585,-0.72221,-1.43903,3.05446
1.87024,-2.50818,-1.22672,-0.72183,-1.43885,3.05505
1.87051,-2.50644,-1.23012,-0.72229,-1.43830,3.05509
1.87078,-2.50470,-1.23354,-0.72277,-1.43775,3.05515
1.87097,-2.50312,-1.23663,-0.72314,-1.43728,3.05556
1.87115,-2.50155,-1.23971,-0.72353,-1.43683,3.05597
1.87131,-2.49991,-1.24294,-0.72400,-1.43645,3.05581
1.87146,-2.49828,-1.24614,-0.72448,-1.43606,3.05565
1.87160,-2.49681,-1.24914,-0.72484,-1.43563,3.05602
1.87174,-2.49534,-1.25211,-0.72520,-1.43520,3.05639
1.87198,-2.49383,-1.25497,-0.72557,-1.43472,3.05683
1.87222,-2.49232,-1.25780,-0.72594,-1.43424,3.05726
1.87243,-2.49083,-1.26066,-0.72630,-1.43378,3.05770
1.87264,-2.48934,-1.26351,-0.72668,-1.43334,3.05815
1.87274,-2.48797,-1.26623,-0.72702,-1.43294,3.05851
1.87284,-2.48660,-1.26896,-0.72736,-1.43255,3.05887
1.87308,-2.48508,-1.27191,-0.72779,-1.43207,3.05869
1.87332,-2.48356,-1.27486,-0.72822,-1.43158,3.05852
1.87353,-2.48198,-1.27796,-0.72870,-1.43112,3.05901
1.87373,-2.48040,-1.28106,-0.72919,-1.43065,3.05949
1.87388,-2.47947,-1.28289,-0.72922,-1.43033,3.05947
1.87403,-2.47853,-1.28471,-0.72926,-1.43001,3.05944
1.87410,-2.47799,-1.28591,-0.72902,-1.42978,3.05956
1.87418,-2.47745,-1.28711,-0.72878,-1.42955,3.05968
1.87442,-2.47606,-1.28971,-0.72913,-1.42909,3.05971
1.87465,-2.47468,-1.29230,-0.72949,-1.42864,3.05973
1.87481,-2.47372,-1.29419,-0.72956,-1.42828,3.05951
1.87497,-2.47277,-1.29607,-0.72962,-1.42792,3.05928
1.87501,-2.47210,-1.29745,-0.72951,-1.42771,3.05922
1.87505,-2.47144,-1.29882,-0.72940,-1.42750,3.05915
1.87533,-2.47007,-1.30146,-0.72975,-1.42699,3.05866
1.87561,-2.46869,-1.30410,-0.73011,-1.42648,3.05817
1.87565,-2.46781,-1.30586,-0.73019,-1.42626,3.05837
1.87570,-2.46692,-1.30762,-0.73026,-1.42604,3.05856
1.87590,-2.46603,-1.30937,-0.73028,-1.42567,3.05824
1.87611,-2.46515,-1.31112,-0.73028,-1.42530,3.05790
1.87629,-2.46394,-1.31346,-0.73056,-1.42491,3.05723
1.87648,-2.46274,-1.31580,-0.73084,-1.42451,3.05656
1.87662,-2.46187,-1.31748,-0.73089,-1.42415,3.05661
1.87676,-2.46101,-1.31916,-0.73094,-1.42380,3.05666
1.87699,-2.46000,-1.32106,-0.73105,-1.42340,3.05642
1.87722,-2.45899,-1.32296,-0.73116,-1.42299,3.05618
1.87733,-2.45798,-1.32496,-0.73134,-1.42265,3.05577
1.87743,-2.45698,-1.32694,-0.73151,-1.42232,3.05536
1.87760,-2.45595,-1.32892,-0.73168,-1.42194,3.05502
1.87778,-2.45493,-1.33088,-0.73185,-1.42157,3.05468
1.87795,-2.45384,-1.33302,-0.73209,-1.42117,3.05439
1.87813,-2.45275,-1.33516,-0.73233,-1.42077,3.05410
1.87831,-2.45170,-1.33712,-0.73254,-1.42039,3.05375
1.87850,-2.45067,-1.33906,-0.73274,-1.42000,3.05340
1.87869,-2.44960,-1.34107,-0.73297,-1.41958,3.05306
1.87889,-2.44854,-1.34307,-0.73320,-1.41917,3.05272
1.87909,-2.44747,-1.34508,-0.73345,-1.41874,3.05234
1.87929,-2.44641,-1.34708,-0.73370,-1.41832,3.05198
1.87950,-2.44534,-1.34906,-0.73394,-1.41792,3.05171
1.87971,-2.44427,-1.35104,-0.73418,-1.41752,3.05144
1.87991,-2.44319,-1.35306,-0.73444,-1.41708,3.05110
1.88012,-2.44211,-1.35508,-0.73471,-1.41665,3.05077
1.88031,-2.44103,-1.35711,-0.73499,-1.41623,3.05043
1.88051,-2.43994,-1.35914,-0.73527,-1.41580,3.05010
1.88075,-2.43880,-1.36122,-0.73558,-1.41531,3.04991
1.88099,-2.43766,-1.36331,-0.73589,-1.41483,3.04973
1.88120,-2.43657,-1.36532,-0.73616,-1.41438,3.04956
1.88141,-2.43548,-1.36735,-0.73645,-1.41394,3.04940
1.88162,-2.43444,-1.36927,-0.73668,-1.41348,3.04922
1.88183,-2.43340,-1.37121,-0.73692,-1.41303,3.04904
1.88208,-2.43235,-1.37312,-0.73715,-1.41253,3.04889
1.88233,-2.43128,-1.37505,-0.73739,-1.41204,3.04876
1.88252,-2.43034,-1.37681,-0.73756,-1.41165,3.04856
1.88271,-2.42940,-1.37856,-0.73772,-1.41126,3.04835
1.88285,-2.42825,-1.38074,-0.73813,-1.41085,3.04732
1.88299,-2.42709,-1.38293,-0.73856,-1.41045,3.04630
1.88322,-2.42613,-1.38470,-0.73871,-1.41002,3.04686
1.88344,-2.42517,-1.38646,-0.73887,-1.40960,3.04743
1.88365,-2.42410,-1.38842,-0.73918,-1.40916,3.04706
1.88385,-2.42304,-1.39037,-0.73949,-1.40874,3.04668
1.88405,-2.42203,-1.39221,-0.73974,-1.40831,3.04647
1.88425,-2.42103,-1.39405,-0.73999,-1.40790,3.04625
1.88446,-2.41999,-1.39594,-0.74028,-1.40748,3.04597
1.88466,-2.41895,-1.39785,-0.74058,-1.40705,3.04569
1.88491,-2.41797,-1.39952,-0.74081,-1.40660,3.04477
1.88516,-2.41699,-1.40119,-0.74105,-1.40614,3.04385
1.88535,-2.41589,-1.40316,-0.74140,-1.40572,3.04354
1.88555,-2.41478,-1.40512,-0.74176,-1.40529,3.04324
1.88575,-2.41378,-1.40697,-0.74205,-1.40487,3.04285
1.88596,-2.41278,-1.40882,-0.74234,-1.40446,3.04246
1.88615,-2.41166,-1.41091,-0.74273,-1.40403,3.04264
1.88635,-2.41054,-1.41300,-0.74312,-1.40361,3.04281
1.88657,-2.40947,-1.41490,-0.74349,-1.40315,3.04240
1.88679,-2.40842,-1.41678,-0.74386,-1.40269,3.04198
1.88702,-2.40733,-1.41876,-0.74424,-1.40221,3.04151
1.88725,-2.40623,-1.42074,-0.74463,-1.40173,3.04103
1.88747,-2.40512,-1.42272,-0.74508,-1.40127,3.04037
1.88769,-2.40399,-1.42472,-0.74553,-1.40080,3.03971
1.88788,-2.40302,-1.42641,-0.74580,-1.40039,3.03901
1.88808,-2.40207,-1.42808,-0.74607,-1.40000,3.03829
1.88840,-2.40069,-1.43043,-0.74676,-1.39922,3.03724
1.88873,-2.39932,-1.43277,-0.74746,-1.39844,3.03618
1.88902,-2.39806,-1.43494,-0.74812,-1.39773,3.03476
1.88931,-2.39680,-1.43710,-0.74879,-1.39702,3.03332
1.88963,-2.39554,-1.43931,-0.74937,-1.39630,3.03279
1.88995,-2.39429,-1.44153,-0.74996,-1.39559,3.03225
1.89033,-2.39282,-1.44393,-0.75077,-1.39472,3.02994
1.89071,-2.39136,-1.44632,-0.75159,-1.39385,3.02763
1.89108,-2.38996,-1.44871,-0.75229,-1.39300,3.02779
1.89145,-2.38857,-1.45109,-0.75300,-1.39214,3.02795
1.89177,-2.38735,-1.45317,-0.75360,-1.39140,3.02655
1.89208,-2.38614,-1.45522,-0.75421,-1.39066,3.02515
1.89245,-2.38486,-1.45736,-0.75490,-1.38980,3.02327
1.89283,-2.38357,-1.45951,-0.75560,-1.38892,3.02138
1.89312,-2.38261,-1.46115,-0.75590,-1.38829,3.02095
1.89342,-2.38165,-1.46279,-0.75619,-1.38766,3.02051
1.89381,-2.38060,-1.46452,-0.75649,-1.38694,3.02040
1.89420,-2.37955,-1.46626,-0.75679,-1.38620,3.02030
1.89455,-2.37837,-1.46823,-0.75733,-1.38544,3.01960
1.89489,-2.37719,-1.47018,-0.75787,-1.38468,3.01891
1.89517,-2.37590,-1.47229,-0.75853,-1.38394,3.01845
1.89544,-2.37460,-1.47439,-0.75920,-1.38321,3.01799
1.89583,-2.37357,-1.47609,-0.75963,-1.38235,3.01634
1.89621,-2.37253,-1.47779,-0.76006,-1.38149,3.01469
1.89658,-2.37132,-1.47978,-0.76063,-1.38070,3.01397
1.89696,-2.37012,-1.48176,-0.76120,-1.37990,3.01325
1.89735,-2.36865,-1.48410,-0.76205,-1.37900,3.01263
1.89774,-2.36719,-1.48643,-0.76291,-1.37812,3.01201
1.89810,-2.36597,-1.48843,-0.76352,-1.37730,3.01101
1.89846,-2.36476,-1.49040,-0.76414,-1.37648,3.01001
1.89876,-2.36383,-1.49196,-0.76449,-1.37581,3.00883
1.89906,-2.36290,-1.49350,-0.76483,-1.37513,3.00764
1.89943,-2.36177,-1.49538,-0.76540,-1.37431,3.00655
1.89981,-2.36063,-1.49726,-0.76598,-1.37348,3.00547
1.90017,-2.35913,-1.49962,-0.76689,-1.37268,3.00541
1.90053,-2.35763,-1.50197,-0.76780,-1.37188,3.00534
1.90085,-2.35615,-1.50438,-0.76877,-1.37106,3.00478
1.90117,-2.35467,-1.50677,-0.76975,-1.37023,3.00422
1.90152,-2.35346,-1.50873,-0.77036,-1.36943,3.00323
1.90188,-2.35226,-1.51068,-0.77098,-1.36862,3.00224
1.90225,-2.35093,-1.51280,-0.77179,-1.36776,3.00134
1.90262,-2.34959,-1.51490,-0.77260,-1.36690,3.00043
1.90300,-2.34825,-1.51701,-0.77343,-1.36601,2.99949
1.90338,-2.34690,-1.51913,-0.77426,-1.36515,2.99857
1.90380,-2.34556,-1.52118,-0.77511,-1.36425,2.99740
1.90422,-2.34423,-1.52322,-0.77595,-1.36335,2.99623
1.90455,-2.34289,-1.52535,-0.77679,-1.36252,2.99548
1.90488,-2.34154,-1.52749,-0.77763,-1.36167,2.99474
1.90531,-2.34028,-1.52941,-0.77837,-1.36077,2.99346
1.90574,-2.33902,-1.53132,-0.77912,-1.35987,2.99220
1.90613,-2.33769,-1.53338,-0.77996,-1.35898,2.99125
1.90652,-2.33636,-1.53543,-0.78081,-1.35809,2.99030
1.90691,-2.33501,-1.53750,-0.78166,-1.35720,2.98938
1.90730,-2.33367,-1.53956,-0.78252,-1.35631,2.98847
1.90770,-2.33232,-1.54161,-0.78338,-1.35540,2.98751
1.90810,-2.33097,-1.54367,-0.78424,-1.35448,2.98654
1.90850,-2.32936,-1.54613,-0.78548,-1.35345,2.98545
1.90891,-2.32773,-1.54859,-0.78674,-1.35243,2.98437
1.90933,-2.32647,-1.55050,-0.78753,-1.35152,2.98299
1.90975,-2.32520,-1.55243,-0.78834,-1.35062,2.98163
1.91013,-2.32406,-1.55411,-0.78891,-1.34980,2.98122
1.91051,-2.32293,-1.55580,-0.78948,-1.34899,2.98082
1.91090,-2.32158,-1.55781,-0.79037,-1.34809,2.97989
1.91129,-2.32023,-1.55983,-0.79127,-1.34719,2.97896
1.91168,-2.31869,-1.56218,-0.79244,-1.34616,2.97746
1.91206,-2.31716,-1.56453,-0.79362,-1.34514,2.97597
1.91243,-2.31610,-1.56606,-0.79414,-1.34436,2.97510
1.91280,-2.31505,-1.56759,-0.79467,-1.34359,2.97424
1.91321,-2.31375,-1.56954,-0.79563,-1.34258,2.97176
1.91363,-2.31245,-1.57150,-0.79660,-1.34156,2.96928
1.91407,-2.31108,-1.57352,-0.79756,-1.34063,2.96808
1.91450,-2.30971,-1.57555,-0.79853,-1.33969,2.96688
1.91484,-2.30810,-1.57784,-0.79981,-1.33874,2.96576
1.91516,-2.30650,-1.58013,-0.80109,-1.33779,2.96463
1.91556,-2.30515,-1.58210,-0.80206,-1.33684,2.96297
1.91596,-2.30381,-1.58405,-0.80304,-1.33588,2.96133
1.91645,-2.30225,-1.58635,-0.80427,-1.33479,2.95985
1.91694,-2.30069,-1.58863,-0.80551,-1.33371,2.95839
1.91732,-2.29938,-1.59051,-0.80650,-1.33276,2.95676
1.91771,-2.29808,-1.59236,-0.80748,-1.33182,2.95512
1.91807,-2.29699,-1.59386,-0.80817,-1.33089,2.95335
1.91844,-2.29590,-1.59536,-0.80887,-1.32995,2.95160
1.91882,-2.29365,-1.59847,-0.81119,-1.32874,2.94958
1.91920,-2.29141,-1.60156,-0.81352,-1.32751,2.94756
1.91964,-2.29030,-1.60314,-0.81418,-1.32653,2.94640
1.92008,-2.28919,-1.60471,-0.81483,-1.32556,2.94525
1.92056,-2.28789,-1.60648,-0.81583,-1.32452,2.94391
1.92103,-2.28659,-1.60825,-0.81683,-1.32348,2.94257
1.92148,-2.28508,-1.61029,-0.81814,-1.32238,2.94100
1.92193,-2.28356,-1.61233,-0.81946,-1.32126,2.93942
1.92235,-2.28244,-1.61388,-0.82029,-1.32021,2.93731
1.92278,-2.28131,-1.61543,-0.82113,-1.31914,2.93519
1.92316,-2.28030,-1.61690,-0.82173,-1.31825,2.93376
1.92355,-2.27930,-1.61835,-0.82232,-1.31736,2.93233
1.92392,-2.27795,-1.62019,-0.82343,-1.31643,2.93112
1.92431,-2.27661,-1.62203,-0.82454,-1.31550,2.92991
1.92480,-2.27591,-1.62290,-0.82486,-1.31432,2.92669
1.92530,-2.27521,-1.62378,-0.82518,-1.31314,2.92347
1.92562,-2.27441,-1.62495,-0.82560,-1.31237,2.92197
1.92594,-2.27359,-1.62613,-0.82602,-1.31160,2.92047
1.92613,-2.27332,-1.62645,-0.82613,-1.31109,2.91724
1.92631,-2.27305,-1.62677,-0.82625,-1.31058,2.91402
1.92650,-2.27257,-1.62742,-0.82658,-1.31000,2.91200
1.92669,-2.27211,-1.62806,-0.82690,-1.30941,2.90996
1.92693,-2.27121,-1.62931,-0.82759,-1.30897,2.90951
1.92717,-2.27031,-1.63057,-0.82829,-1.30851,2.90906
1.92740,-2.26965,-1.63146,-0.82877,-1.30796,2.90752
1.92764,-2.26900,-1.63233,-0.82925,-1.30739,2.90597
1.92766,-2.26917,-1.63219,-0.82878,-1.30734,2.90348
1.92768,-2.26934,-1.63205,-0.82830,-1.30728,2.90098
1.92801,-2.26839,-1.63332,-0.82893,-1.30643,2.89994
1.92835,-2.26745,-1.63459,-0.82957,-1.30558,2.89890
1.92865,-2.26713,-1.63498,-0.82953,-1.30504,2.89737
1.92894,-2.26680,-1.63538,-0.82949,-1.30450,2.89582
1.92904,-2.26619,-1.63628,-0.82997,-1.30419,2.89382
1.92915,-2.26559,-1.63718,-0.83045,-1.30388,2.89181
1.92940,-2.26475,-1.63833,-0.83103,-1.30330,2.89151
1.92967,-2.26391,-1.63948,-0.83161,-1.30271,2.89123
1.92998,-2.26337,-1.64017,-0.83197,-1.30211,2.88922
1.93030,-2.26284,-1.64083,-0.83231,-1.30150,2.88719
1.93051,-2.26212,-1.64184,-0.83282,-1.30096,2.88649
1.93073,-2.26141,-1.64282,-0.83331,-1.30041,2.88577
1.93094,-2.26124,-1.64305,-0.83313,-1.29999,2.88356
1.93115,-2.26107,-1.64327,-0.83294,-1.29956,2.88136
1.93150,-2.26022,-1.64435,-0.83351,-1.29874,2.88022
1.93186,-2.25937,-1.64542,-0.83408,-1.29791,2.87910
1.93212,-2.25842,-1.64673,-0.83502,-1.29734,2.87865
1.93239,-2.25746,-1.64802,-0.83595,-1.29675,2.87820
1.93263,-2.25698,-1.64868,-0.83610,-1.29617,2.87742
1.93287,-2.25650,-1.64934,-0.83626,-1.29559,2.87664
1.93306,-2.25626,-1.64967,-0.83617,-1.29517,2.87479
1.93325,-2.25603,-1.64999,-0.83608,-1.29476,2.87294
1.93349,-2.25518,-1.65111,-0.83680,-1.29423,2.87203
1.93373,-2.25434,-1.65223,-0.83751,-1.29369,2.87112
1.93411,-2.25346,-1.65339,-0.83809,-1.29284,2.86995
1.93449,-2.25258,-1.65454,-0.83866,-1.29198,2.86877
1.93467,-2.25227,-1.65492,-0.83879,-1.29163,2.86703
1.93484,-2.25195,-1.65528,-0.83891,-1.29128,2.86529
1.93511,-2.25138,-1.65608,-0.83916,-1.29067,2.86385
1.93538,-2.25081,-1.65689,-0.83942,-1.29004,2.86241
1.93569,-2.25006,-1.65786,-0.83992,-1.28942,2.86082
1.93601,-2.24931,-1.65882,-0.84042,-1.28880,2.85922
1.93618,-2.24881,-1.65953,-0.84067,-1.28839,2.85855
1.93635,-2.24832,-1.66025,-0.84091,-1.28797,2.85788
1.93651,-2.24783,-1.66091,-0.84118,-1.28763,2.85622
1.93666,-2.24736,-1.66156,-0.84144,-1.28730,2.85455
1.93705,-2.24651,-1.66264,-0.84209,-1.28649,2.85361
1.93743,-2.24565,-1.66373,-0.84275,-1.28568,2.85268
1.93761,-2.24514,-1.66441,-0.84303,-1.28522,2.85100
1.93780,-2.24462,-1.66508,-0.84331,-1.28475,2.84933
1.93803,-2.24406,-1.66582,-0.84376,-1.28431,2.84876
1.93826,-2.24348,-1.66657,-0.84422,-1.28385,2.84821
1.93846,-2.24291,-1.66732,-0.84461,-1.28335,2.84666
1.93866,-2.24234,-1.66806,-0.84499,-1.28285,2.84512
1.93892,-2.24188,-1.66858,-0.84519,-1.28223,2.84431
1.93919,-2.24142,-1.66910,-0.84539,-1.28159,2.84350
1.93940,-2.24086,-1.66981,-0.84584,-1.28112,2.84292
1.93961,-2.24029,-1.67053,-0.84629,-1.28065,2.84235
1.93980,-2.23973,-1.67125,-0.84676,-1.28021,2.84131
1.93999,-2.23917,-1.67196,-0.84722,-1.27978,2.84027
1.94035,-2.23886,-1.67233,-0.84724,-1.27892,2.83908
1.94072,-2.23856,-1.67270,-0.84727,-1.27807,2.83789
1.94109,-2.23781,-1.67360,-0.84778,-1.27717,2.83679
1.94146,-2.23706,-1.67450,-0.84829,-1.27628,2.83568
1.94156,-2.23677,-1.67490,-0.84849,-1.27613,2.83507
1.94165,-2.23647,-1.67528,-0.84869,-1.27598,2.83445
1.94174,-2.23581,-1.67612,-0.84930,-1.27570,2.83335
1.94183,-2.23516,-1.67695,-0.84990,-1.27542,2.83225
1.94237,-2.23457,-1.67766,-0.85012,-1.27423,2.83103
1.94292,-2.23398,-1.67836,-0.85034,-1.27304,2.82982
1.94339,-2.23244,-1.68030,-0.85162,-1.27198,2.82803
1.94386,-2.23091,-1.68223,-0.85289,-1.27091,2.82623
1.94403,-2.23050,-1.68276,-0.85315,-1.27055,2.82507
1.94421,-2.23009,-1.68328,-0.85341,-1.27019,2.82390
1.94461,-2.22928,-1.68424,-0.85392,-1.26920,2.82249
1.94501,-2.22845,-1.68522,-0.85446,-1.26820,2.82108
1.94522,-2.22750,-1.68640,-0.85537,-1.26769,2.82016
1.94543,-2.22654,-1.68760,-0.85630,-1.26719,2.81926
1.94568,-2.22574,-1.68859,-0.85697,-1.26660,2.81830
1.94594,-2.22495,-1.68956,-0.85763,-1.26602,2.81734
1.94620,-2.22399,-1.69076,-0.85846,-1.26542,2.81596
1.94646,-2.22301,-1.69197,-0.85930,-1.26483,2.81459
1.94673,-2.22196,-1.69326,-0.86031,-1.26421,2.81414
1.94700,-2.22092,-1.69455,-0.86130,-1.26359,2.81370
1.94720,-2.22039,-1.69518,-0.86171,-1.26310,2.81284
1.94740,-2.21986,-1.69582,-0.86213,-1.26261,2.81198
1.94768,-2.21889,-1.69701,-0.86296,-1.26198,2.81049
1.94797,-2.21792,-1.69820,-0.86380,-1.26134,2.80901
1.94836,-2.21706,-1.69920,-0.86449,-1.26037,2.80806
1.94874,-2.21620,-1.70019,-0.86518,-1.25940,2.80711
1.94913,-2.21537,-1.70116,-0.86580,-1.25850,2.80553
1.94951,-2.21454,-1.70212,-0.86642,-1.25760,2.80396
1.94987,-2.21373,-1.70309,-0.86706,-1.25678,2.80283
1.95024,-2.21292,-1.70404,-0.86768,-1.25595,2.80169
1.95063,-2.21184,-1.70531,-0.86863,-1.25503,2.80108
1.95102,-2.21078,-1.70656,-0.86957,-1.25410,2.80045
1.95136,-2.21003,-1.70741,-0.87010,-1.25324,2.79922
1.95171,-2.20928,-1.70826,-0.87064,-1.25237,2.79801
1.95216,-2.20815,-1.70960,-0.87156,-1.25138,2.79629
1.95260,-2.20702,-1.71094,-0.87249,-1.25040,2.79458
1.95319,-2.20451,-1.71401,-0.87494,-1.24918,2.79334
1.95377,-2.20201,-1.71707,-0.87741,-1.24797,2.79210
1.95386,-2.19934,-1.72041,-0.88047,-1.24797,2.79094
1.95395,-2.19668,-1.72372,-0.88354,-1.24796,2.78978
1.95425,-2.19562,-1.72497,-0.88454,-1.24730,2.78847
1.95455,-2.19455,-1.72621,-0.88553,-1.24663,2.78717
1.95448,-2.19389,-1.72706,-0.88639,-1.24685,2.78685
1.95442,-2.19323,-1.72789,-0.88724,-1.24707,2.78653
1.95453,-2.19208,-1.72926,-0.88854,-1.24680,2.78592
1.95464,-2.19092,-1.73063,-0.88985,-1.24653,2.78531
1.95481,-2.19049,-1.73114,-0.89019,-1.24617,2.78451
1.95498,-2.19005,-1.73165,-0.89053,-1.24580,2.78371
1.95530,-2.18880,-1.73310,-0.89174,-1.24511,2.78290
1.95562,-2.18757,-1.73454,-0.89295,-1.24443,2.78208
1.95558,-2.18723,-1.73497,-0.89335,-1.24456,2.78153
1.95555,-2.18689,-1.73541,-0.89377,-1.24468,2.78098
1.95593,-2.18615,-1.73620,-0.89434,-1.24378,2.78034
1.95630,-2.18541,-1.73698,-0.89491,-1.24287,2.77968
1.95642,-2.18475,-1.73775,-0.89564,-1.24263,2.77948
1.95653,-2.18410,-1.73850,-0.89635,-1.24238,2.77926
1.95647,-2.18429,-1.73830,-0.89610,-1.24253,2.77828
1.95641,-2.18448,-1.73809,-0.89584,-1.24269,2.77729
1.95659,-2.18423,-1.73837,-0.89592,-1.24228,2.77622
1.95677,-2.18398,-1.73865,-0.89600,-1.24189,2.77516
1.95736,-2.17934,-1.74402,-0.90114,-1.24060,2.77378
1.95797,-2.17470,-1.74936,-0.90633,-1.23930,2.77242
1.95789,-2.17442,-1.74973,-0.90672,-1.23951,2.77217
1.95783,-2.17412,-1.75010,-0.90712,-1.23970,2.77193
1.95809,-2.17269,-1.75171,-0.90867,-1.23912,2.77116
1.95834,-2.17124,-1.75332,-0.91023,-1.23856,2.77040
1.95878,-2.16978,-1.75497,-0.91160,-1.23767,2.76855
1.95921,-2.16831,-1.75662,-0.91299,-1.23677,2.76670
1.95928,-2.16749,-1.75757,-0.91396,-1.23668,2.76632
1.95935,-2.16666,-1.75852,-0.91493,-1.23659,2.76594
1.95991,-2.16532,-1.75996,-0.91611,-1.23540,2.76458
1.96047,-2.16399,-1.76139,-0.91729,-1.23422,2.76321
1.96082,-2.16240,-1.76314,-0.91899,-1.23347,2.76224
1.96116,-2.16081,-1.76487,-0.92069,-1.23272,2.76127
1.96061,-2.15895,-1.76710,-0.92353,-1.23418,2.76187
1.96006,-2.15710,-1.76931,-0.92637,-1.23563,2.76246
1.96021,-2.15643,-1.77005,-0.92707,-1.23531,2.76192
1.96036,-2.15576,-1.77078,-0.92777,-1.23500,2.76138
1.96093,-2.15470,-1.77184,-0.92862,-1.23367,2.76041
1.96150,-2.15364,-1.77290,-0.92949,-1.23235,2.75945
1.96182,-2.15282,-1.77375,-0.93026,-1.23161,2.75881
1.96214,-2.15198,-1.77461,-0.93106,-1.23088,2.75819
1.96244,-2.15168,-1.77489,-0.93112,-1.23021,2.75689
1.96273,-2.15139,-1.77516,-0.93117,-1.22953,2.75557
1.96290,-2.15120,-1.77535,-0.93125,-1.22913,2.75509
1.96307,-2.15101,-1.77552,-0.93131,-1.22872,2.75460
1.96294,-2.14971,-1.77696,-0.93315,-1.22904,2.75536
1.96281,-2.14842,-1.77840,-0.93500,-1.22936,2.75613
1.96292,-2.14738,-1.77951,-0.93624,-1.22911,2.75560
1.96303,-2.14635,-1.78061,-0.93748,-1.22887,2.75508
1.96309,-2.14561,-1.78143,-0.93836,-1.22879,2.75420
1.96314,-2.14487,-1.78224,-0.93922,-1.22871,2.75329
1.96321,-2.14424,-1.78294,-0.93992,-1.22861,2.75218
1.96327,-2.14361,-1.78363,-0.94062,-1.22853,2.75106
1.96365,-2.14223,-1.78504,-0.94211,-1.22765,2.75047
1.96404,-2.14086,-1.78645,-0.94360,-1.22679,2.74987
1.96413,-2.13982,-1.78757,-0.94486,-1.22663,2.74945
1.96423,-2.13879,-1.78868,-0.94613,-1.22649,2.74903
1.96457,-2.13670,-1.79089,-0.94855,-1.22584,2.74736
1.96491,-2.13461,-1.79309,-0.95097,-1.22519,2.74567
1.96516,-2.13359,-1.79415,-0.95209,-1.22467,2.74465
1.96541,-2.13256,-1.79521,-0.95323,-1.22415,2.74362
1.96581,-2.13089,-1.79694,-0.95509,-1.22343,2.74254
1.96620,-2.12923,-1.79865,-0.95695,-1.22271,2.74145
1.96701,-2.12852,-1.79932,-0.95720,-1.22101,2.73947
1.96782,-2.12781,-1.79999,-0.95744,-1.21930,2.73748
1.96783,-2.12654,-1.80130,-0.95914,-1.21924,2.73728
1.96784,-2.12526,-1.80261,-0.96084,-1.21919,2.73711
1.96802,-2.12434,-1.80351,-0.96188,-1.21871,2.73631
1.96821,-2.12341,-1.80442,-0.96295,-1.21824,2.73552
1.96850,-2.12243,-1.80538,-0.96403,-1.21761,2.73491
1.96879,-2.12145,-1.80635,-0.96513,-1.21697,2.73433
1.96898,-2.12046,-1.80734,-0.96619,-1.21658,2.73314
1.96917,-2.11949,-1.80833,-0.96724,-1.21619,2.73194
1.96949,-2.11810,-1.80972,-0.96885,-1.21554,2.73104
1.96981,-2.11672,-1.81110,-0.97047,-1.21488,2.73013
1.97023,-2.11527,-1.81245,-0.97218,-1.21387,2.73049
1.97065,-2.11381,-1.81380,-0.97389,-1.21286,2.73086
1.97097,-2.11271,-1.81483,-0.97508,-1.21221,2.73013
1.97130,-2.11161,-1.81586,-0.97627,-1.21156,2.72941
1.97137,-2.11061,-1.81692,-0.97744,-1.21142,2.72836
1.97145,-2.10961,-1.81798,-0.97860,-1.21129,2.72730
1.97186,-2.10822,-1.81925,-0.98011,-1.21040,2.72624
1.97227,-2.10684,-1.82050,-0.98161,-1.20952,2.72516
1.97231,-2.10620,-1.82121,-0.98232,-1.20946,2.72496
1.97235,-2.10555,-1.82191,-0.98302,-1.20941,2.72475
1.97259,-2.10406,-1.82337,-0.98473,-1.20897,2.72381
1.97283,-2.10258,-1.82481,-0.98643,-1.20853,2.72285
1.97314,-2.10072,-1.82647,-0.98890,-1.20765,2.72209
1.97345,-2.09885,-1.82811,-0.99138,-1.20678,2.72134
1.97377,-2.09857,-1.82848,-0.99123,-1.20646,2.71979
1.97409,-2.09827,-1.82885,-0.99109,-1.20613,2.71824
1.97412,-2.09672,-1.83033,-0.99316,-1.20584,2.71849
1.97414,-2.09516,-1.83181,-0.99525,-1.20555,2.71874
1.97456,-2.09376,-1.83305,-0.99685,-1.20469,2.71786
1.97498,-2.09236,-1.83428,-0.99844,-1.20383,2.71699
1.97508,-2.09177,-1.83497,-0.99895,-1.20382,2.71550
1.97519,-2.09117,-1.83566,-0.99947,-1.20381,2.71400
1.97539,-2.08971,-1.83700,-1.00111,-1.20332,2.71357
1.97560,-2.08826,-1.83834,-1.00275,-1.20283,2.71314
1.97591,-2.08699,-1.83954,-1.00407,-1.20227,2.71133
1.97623,-2.08571,-1.84074,-1.00539,-1.20170,2.70951
1.97649,-2.08479,-1.84154,-1.00639,-1.20121,2.70901
1.97675,-2.08386,-1.84233,-1.00738,-1.20071,2.70851
1.97704,-2.08269,-1.84349,-1.00863,-1.20019,2.70733
1.97735,-2.08151,-1.84465,-1.00989,-1.19966,2.70616
1.97746,-2.08074,-1.84539,-1.01063,-1.19947,2.70596
1.97758,-2.07998,-1.84612,-1.01138,-1.19928,2.70577
1.97793,-2.07841,-1.84754,-1.01318,-1.19855,2.70479
1.97829,-2.07684,-1.84896,-1.01499,-1.19780,2.70381
1.97860,-2.07560,-1.85005,-1.01635,-1.19712,2.70319
1.97892,-2.07435,-1.85115,-1.01772,-1.19643,2.70256
1.97945,-2.07207,-1.85309,-1.02062,-1.19512,2.70189
1.97998,-2.06978,-1.85502,-1.02353,-1.19381,2.70121
1.97996,-2.06907,-1.85574,-1.02428,-1.19396,2.70011
1.97995,-2.06835,-1.85647,-1.02504,-1.19412,2.69901
1.98023,-2.06631,-1.85818,-1.02760,-1.19344,2.69782
1.98051,-2.06427,-1.85989,-1.03015,-1.19277,2.69661
1.98082,-2.06277,-1.86129,-1.03180,-1.19218,2.69594
1.98113,-2.06128,-1.86268,-1.03344,-1.19159,2.69525
1.98148,-2.06033,-1.86343,-1.03437,-1.19090,2.69464
1.98184,-2.05937,-1.86418,-1.03531,-1.19022,2.69404
1.98193,-2.05833,-1.86515,-1.03655,-1.19023,2.69316
1.98201,-2.05730,-1.86611,-1.03779,-1.19024,2.69228
1.98228,-2.05636,-1.86699,-1.03870,-1.18972,2.69218
1.98256,-2.05542,-1.86786,-1.03961,-1.18919,2.69207
1.98267,-2.05455,-1.86864,-1.04054,-1.18908,2.69116
1.98279,-2.05369,-1.86941,-1.04145,-1.18895,2.69023
1.98298,-2.05291,-1.87013,-1.04219,-1.18868,2.68972
1.98318,-2.05214,-1.87083,-1.04291,-1.18840,2.68920
1.98339,-2.05071,-1.87196,-1.04464,-1.18785,2.68898
1.98359,-2.04928,-1.87307,-1.04639,-1.18730,2.68877
1.98385,-2.04816,-1.87408,-1.04764,-1.18700,2.68728
1.98412,-2.04704,-1.87508,-1.04889,-1.18669,2.68577
1.98426,-2.04608,-1.87598,-1.04984,-1.18653,2.68494
1.98441,-2.04513,-1.87688,-1.05079,-1.18636,2.68411
1.98459,-2.04477,-1.87724,-1.05080,-1.18616,2.68406
1.98477,-2.04442,-1.87760,-1.05079,-1.18597,2.68399
1.98522,-2.04204,-1.87950,-1.05398,-1.18476,2.68273
1.98569,-2.03965,-1.88139,-1.05718,-1.18355,2.68147
1.98570,-2.03920,-1.88180,-1.05748,-1.18372,2.68082
1.98572,-2.03874,-1.88221,-1.05778,-1.18389,2.68019
1.98586,-2.03783,-1.88305,-1.05875,-1.18374,2.67984
1.98601,-2.03693,-1.88390,-1.05972,-1.18359,2.67950
1.98632,-2.03569,-1.88494,-1.06109,-1.18304,2.67837
1.98663,-2.03445,-1.88597,-1.06246,-1.18247,2.67724
1.98665,-2.03368,-1.88659,-1.06331,-1.18252,2.67702
1.98668,-2.03291,-1.88721,-1.06417,-1.18256,2.67682
1.98697,-2.03142,-1.88845,-1.06599,-1.18191,2.67669
1.98727,-2.02993,-1.88969,-1.06780,-1.18126,2.67656
1.98745,-2.02863,-1.89076,-1.06937,-1.18088,2.67615
1.98763,-2.02733,-1.89183,-1.07094,-1.18052,2.67574
1.98783,-2.02584,-1.89294,-1.07287,-1.17999,2.67507
1.98804,-2.02436,-1.89405,-1.07480,-1.17948,2.67440
1.98826,-2.02332,-1.89498,-1.07590,-1.17912,2.67429
1.98849,-2.02230,-1.89590,-1.07699,-1.17875,2.67417
1.98896,-2.02037,-1.89733,-1.07955,-1.17771,2.67325
1.98942,-2.01846,-1.89874,-1.08211,-1.17669,2.67233
1.98971,-2.01713,-1.89973,-1.08371,-1.17608,2.67258
1.98999,-2.01579,-1.90072,-1.08532,-1.17548,2.67284
1.99040,-2.01417,-1.90193,-1.08733,-1.17461,2.67277
1.99081,-2.01256,-1.90314,-1.08935,-1.17373,2.67271
1.99121,-2.01095,-1.90440,-1.09132,-1.17288,2.67293
1.99162,-2.00936,-1.90564,-1.09328,-1.17202,2.67315
1.99202,-2.00776,-1.90683,-1.09524,-1.17118,2.67339
1.99242,-2.00617,-1.90801,-1.09721,-1.17033,2.67363
1.99285,-2.00465,-1.90901,-1.09913,-1.16945,2.67350
1.99327,-2.00314,-1.91000,-1.10106,-1.16859,2.67336
1.99370,-2.00154,-1.91117,-1.10305,-1.16770,2.67313
1.99413,-1.99994,-1.91233,-1.10505,-1.16683,2.67290
1.99450,-1.99831,-1.91358,-1.10715,-1.16603,2.67265
1.99488,-1.99667,-1.91483,-1.10926,-1.16521,2.67239
1.99511,-1.99520,-1.91596,-1.11117,-1.16474,2.67152
1.99533,-1.99371,-1.91709,-1.11309,-1.16427,2.67065
1.99588,-1.99165,-1.91843,-1.11598,-1.16308,2.67024
1.99643,-1.98959,-1.91976,-1.11887,-1.16187,2.66984
1.99684,-1.98819,-1.92076,-1.12054,-1.16103,2.66971
1.99725,-1.98681,-1.92175,-1.12221,-1.16019,2.66958
1.99762,-1.98510,-1.92288,-1.12453,-1.15938,2.66927
1.99798,-1.98339,-1.92400,-1.12683,-1.15858,2.66894
1.99845,-1.98158,-1.92531,-1.12923,-1.15763,2.66853
1.99892,-1.97977,-1.92661,-1.13162,-1.15666,2.66812
1.99928,-1.97818,-1.92762,-1.13375,-1.15588,2.66739
1.99964,-1.97660,-1.92862,-1.13589,-1.15508,2.66668
2.00006,-1.97497,-1.92982,-1.13801,-1.15427,2.66604
2.00048,-1.97334,-1.93101,-1.14013,-1.15344,2.66541
2.00084,-1.97180,-1.93201,-1.14213,-1.15266,2.66529
2.00119,-1.97027,-1.93300,-1.14413,-1.15186,2.66518
2.00167,-1.96857,-1.93406,-1.14643,-1.15089,2.66478
2.00214,-1.96688,-1.93511,-1.14872,-1.14991,2.66439
2.00257,-1.96530,-1.93611,-1.15080,-1.14905,2.66414
2.00300,-1.96372,-1.93713,-1.15291,-1.14819,2.66389
2.00343,-1.96195,-1.93822,-1.15536,-1.14725,2.66328
2.00386,-1.96020,-1.93930,-1.15781,-1.14632,2.66267
2.00429,-1.95858,-1.94031,-1.16000,-1.14545,2.66186
2.00472,-1.95696,-1.94132,-1.16220,-1.14457,2.66106
2.00499,-1.95665,-1.94145,-1.16250,-1.14391,2.66064
2.00526,-1.95633,-1.94159,-1.16281,-1.14326,2.66022
2.00553,-1.95603,-1.94173,-1.16310,-1.14260,2.65980
2.00580,-1.95571,-1.94187,-1.16341,-1.14195,2.65939
2.00608,-1.95540,-1.94201,-1.16369,-1.14129,2.65892
2.00636,-1.95509,-1.94216,-1.16398,-1.14061,2.65848
2.00662,-1.95479,-1.94228,-1.16428,-1.13998,2.65803
2.00688,-1.95449,-1.94240,-1.16458,-1.13934,2.65759
2.00714,-1.95418,-1.94253,-1.16489,-1.13869,2.65715
2.00741,-1.95386,-1.94267,-1.16520,-1.13804,2.65673
2.00768,-1.95356,-1.94280,-1.16550,-1.13739,2.65629
2.00795,-1.95324,-1.94294,-1.16581,-1.13674,2.65587
2.00821,-1.95289,-1.94314,-1.16616,-1.13609,2.65537
2.00846,-1.95254,-1.94334,-1.16651,-1.13544,2.65486
2.00873,-1.95223,-1.94347,-1.16681,-1.13479,2.65445
2.00900,-1.95192,-1.94360,-1.16711,-1.13413,2.65404
2.00931,-1.95159,-1.94375,-1.16744,-1.13342,2.65366
2.00962,-1.95125,-1.94390,-1.16778,-1.13271,2.65327
2.00985,-1.95104,-1.94394,-1.16795,-1.13212,2.65282
2.01008,-1.95082,-1.94397,-1.16810,-1.13152,2.65236
2.01037,-1.95043,-1.94414,-1.16856,-1.13083,2.65204
2.01065,-1.95004,-1.94431,-1.16900,-1.13013,2.65173
2.01092,-1.94973,-1.94444,-1.16930,-1.12949,2.65130
2.01119,-1.94944,-1.94456,-1.16958,-1.12885,2.65087
2.01140,-1.94935,-1.94459,-1.16948,-1.12833,2.65030
2.01163,-1.94926,-1.94461,-1.16939,-1.12779,2.64973
2.01188,-1.94900,-1.94472,-1.16961,-1.12718,2.64930
2.01214,-1.94873,-1.94482,-1.16984,-1.12656,2.64886
2.01239,-1.94845,-1.94494,-1.17009,-1.12593,2.64845
2.01266,-1.94817,-1.94505,-1.17034,-1.12528,2.64802
2.01252,-1.94919,-1.94448,-1.16843,-1.12568,2.64815
2.01237,-1.95020,-1.94390,-1.16652,-1.12607,2.64827
2.01294,-1.94902,-1.94447,-1.16825,-1.12467,2.64725
2.01351,-1.94785,-1.94504,-1.16998,-1.12326,2.64623
2.01379,-1.94801,-1.94484,-1.16951,-1.12267,2.64526
2.01408,-1.94815,-1.94465,-1.16905,-1.12208,2.64430
2.01402,-1.94852,-1.94454,-1.16814,-1.12216,2.64492
2.01396,-1.94890,-1.94442,-1.16722,-1.12224,2.64554
2.01434,-1.94842,-1.94456,-1.16786,-1.12131,2.64402
2.01472,-1.94795,-1.94470,-1.16849,-1.12039,2.64250
2.01508,-1.94706,-1.94516,-1.16977,-1.11953,2.64362
2.01545,-1.94617,-1.94562,-1.17106,-1.11867,2.64474
2.01573,-1.94608,-1.94564,-1.17096,-1.11797,2.64292
2.01602,-1.94599,-1.94566,-1.17086,-1.11727,2.64109
2.01639,-1.94551,-1.94580,-1.17146,-1.11637,2.64103
2.01676,-1.94504,-1.94595,-1.17203,-1.11548,2.64094
2.01702,-1.94478,-1.94604,-1.17225,-1.11484,2.64049
2.01729,-1.94452,-1.94613,-1.17246,-1.11419,2.64004
2.01755,-1.94446,-1.94609,-1.17234,-1.11359,2.63931
2.01781,-1.94440,-1.94604,-1.17223,-1.11300,2.63858
2.01799,-1.94414,-1.94621,-1.17243,-1.11249,2.63792
2.01816,-1.94388,-1.94638,-1.17264,-1.11198,2.63726
2.01829,-1.94433,-1.94605,-1.17162,-1.11172,2.63637
2.01842,-1.94479,-1.94572,-1.17059,-1.11146,2.63547
2.01858,-1.94478,-1.94571,-1.17039,-1.11102,2.63515
2.01873,-1.94478,-1.94569,-1.17018,-1.11059,2.63483
2.01919,-1.94386,-1.94612,-1.17153,-1.10947,2.63442
2.01966,-1.94294,-1.94655,-1.17287,-1.10836,2.63401
2.01986,-1.94297,-1.94648,-1.17259,-1.10790,2.63358
2.02006,-1.94299,-1.94641,-1.17231,-1.10744,2.63314
2.02034,-1.94276,-1.94647,-1.17246,-1.10676,2.63238
2.02062,-1.94253,-1.94654,-1.17262,-1.10608,2.63161
2.02091,-1.94240,-1.94651,-1.17260,-1.10543,2.63130
2.02120,-1.94228,-1.94647,-1.17257,-1.10479,2.63099
2.02145,-1.94208,-1.94653,-1.17269,-1.10417,2.63045
2.02170,-1.94188,-1.94659,-1.17280,-1.10355,2.62992
2.02188,-1.94174,-1.94670,-1.17278,-1.10308,2.62904
2.02205,-1.94160,-1.94681,-1.17276,-1.10260,2.62817
2.02231,-1.94151,-1.94679,-1.17267,-1.10200,2.62754
2.02257,-1.94142,-1.94678,-1.17257,-1.10139,2.62692
2.02278,-1.94125,-1.94681,-1.17265,-1.10085,2.62633
2.02299,-1.94108,-1.94685,-1.17273,-1.10030,2.62574
2.02323,-1.94094,-1.94688,-1.17274,-1.09972,2.62519
2.02347,-1.94079,-1.94690,-1.17276,-1.09915,2.62466
2.02374,-1.94054,-1.94703,-1.17292,-1.09851,2.62424
2.02401,-1.94029,-1.94715,-1.17309,-1.09788,2.62382
2.02425,-1.94030,-1.94705,-1.17282,-1.09732,2.62314
2.02448,-1.94032,-1.94695,-1.17254,-1.09675,2.62245
2.02470,-1.94014,-1.94695,-1.17264,-1.09616,2.62192
2.02492,-1.93996,-1.94696,-1.17275,-1.09557,2.62140
2.02516,-1.93981,-1.94699,-1.17277,-1.09499,2.62087
2.02539,-1.93967,-1.94701,-1.17278,-1.09443,2.62033
2.02561,-1.93953,-1.94705,-1.17278,-1.09389,2.61986
2.02584,-1.93939,-1.94707,-1.17279,-1.09335,2.61939
2.02608,-1.93910,-1.94716,-1.17308,-1.09272,2.61906
2.02633,-1.93881,-1.94723,-1.17336,-1.09210,2.61873
2.02657,-1.93866,-1.94726,-1.17338,-1.09152,2.61821
2.02681,-1.93850,-1.94729,-1.17340,-1.09094,2.61768
2.02704,-1.93835,-1.94731,-1.17343,-1.09037,2.61716
2.02728,-1.93820,-1.94734,-1.17345,-1.08979,2.61664
2.02755,-1.93816,-1.94734,-1.17321,-1.08917,2.61594
2.02781,-1.93811,-1.94735,-1.17298,-1.08856,2.61525
2.02805,-1.93799,-1.94737,-1.17296,-1.08799,2.61471
2.02828,-1.93785,-1.94739,-1.17296,-1.08742,2.61419
2.02853,-1.93770,-1.94741,-1.17298,-1.08683,2.61364
2.02877,-1.93754,-1.94743,-1.17300,-1.08624,2.61310
2.02901,-1.93739,-1.94746,-1.17302,-1.08567,2.61258
2.02924,-1.93725,-1.94749,-1.17304,-1.08510,2.61206
2.02945,-1.93713,-1.94749,-1.17303,-1.08458,2.61155
2.02967,-1.93700,-1.94749,-1.17303,-1.08404,2.61105
2.03009,-1.93621,-1.94780,-1.17450,-1.08293,2.60989
2.03050,-1.93542,-1.94810,-1.17597,-1.08182,2.60873
2.03083,-1.93466,-1.94840,-1.17742,-1.08092,2.60788
2.03117,-1.93388,-1.94871,-1.17888,-1.08001,2.60703
2.03153,-1.93321,-1.94890,-1.18017,-1.07901,2.60592
2.03188,-1.93255,-1.94910,-1.18146,-1.07801,2.60482
2.03225,-1.93192,-1.94926,-1.18267,-1.07700,2.60354
2.03261,-1.93131,-1.94942,-1.18386,-1.07600,2.60226
2.03299,-1.93050,-1.94964,-1.18542,-1.07492,2.60126
2.03337,-1.92971,-1.94986,-1.18697,-1.07383,2.60024
2.03372,-1.92905,-1.95008,-1.18822,-1.07289,2.59926
2.03407,-1.92840,-1.95030,-1.18946,-1.07196,2.59826
2.03449,-1.92773,-1.95052,-1.19070,-1.07084,2.59700
2.03491,-1.92705,-1.95074,-1.19196,-1.06970,2.59574
2.03525,-1.92647,-1.95082,-1.19311,-1.06869,2.59445
2.03559,-1.92590,-1.95091,-1.19427,-1.06769,2.59316
2.03593,-1.92530,-1.95099,-1.19547,-1.06674,2.59215
2.03627,-1.92470,-1.95107,-1.19667,-1.06579,2.59114
2.03663,-1.92413,-1.95120,-1.19777,-1.06483,2.59005
2.03699,-1.92355,-1.95134,-1.19888,-1.06386,2.58897
2.03728,-1.92331,-1.95139,-1.19937,-1.06315,2.58772
2.03757,-1.92308,-1.95144,-1.19983,-1.06244,2.58646
2.03772,-1.92290,-1.95144,-1.20028,-1.06203,2.58591
2.03788,-1.92272,-1.95144,-1.20073,-1.06161,2.58536
2.03844,-1.92190,-1.95162,-1.20224,-1.06015,2.58422
2.03900,-1.92107,-1.95180,-1.20376,-1.05868,2.58308
2.03943,-1.92026,-1.95194,-1.20532,-1.05744,2.58146
2.03987,-1.91946,-1.95206,-1.20689,-1.05621,2.57985
2.04002,-1.91957,-1.95191,-1.20676,-1.05574,2.57869
2.04016,-1.91968,-1.95175,-1.20663,-1.05527,2.57753
2.04028,-1.91976,-1.95167,-1.20652,-1.05498,2.57746
2.04039,-1.91983,-1.95159,-1.20641,-1.05469,2.57739
2.04074,-1.91956,-1.95163,-1.20658,-1.05380,2.57696
2.04107,-1.91929,-1.95165,-1.20675,-1.05294,2.57654
2.04114,-1.91956,-1.95152,-1.20602,-1.05273,2.57703
2.04120,-1.91985,-1.95139,-1.20528,-1.05254,2.57751
2.04141,-1.91940,-1.95152,-1.20614,-1.05201,2.57761
2.04162,-1.91896,-1.95165,-1.20700,-1.05150,2.57772
2.04176,-1.91878,-1.95177,-1.20703,-1.05115,2.57788
2.04190,-1.91859,-1.95189,-1.20708,-1.05080,2.57806
2.04209,-1.91872,-1.95167,-1.20686,-1.05028,2.57751
2.04226,-1.91884,-1.95146,-1.20668,-1.04977,2.57697
2.04225,-1.91943,-1.95122,-1.20548,-1.04983,2.57753
2.04224,-1.92003,-1.95098,-1.20426,-1.04989,2.57808
2.04252,-1.91949,-1.95115,-1.20497,-1.04911,2.57721
2.04280,-1.91896,-1.95133,-1.20567,-1.04834,2.57634
2.04318,-1.91887,-1.95123,-1.20561,-1.04743,2.57640
2.04356,-1.91878,-1.95112,-1.20554,-1.04653,2.57645
2.04340,-1.91864,-1.95122,-1.20599,-1.04683,2.57735
2.04325,-1.91849,-1.95132,-1.20646,-1.04713,2.57826
2.04311,-1.91919,-1.95095,-1.20534,-1.04744,2.57743
2.04298,-1.91988,-1.95058,-1.20424,-1.04775,2.57658
2.04351,-1.91883,-1.95103,-1.20566,-1.04646,2.57771
2.04405,-1.91778,-1.95148,-1.20707,-1.04518,2.57885
2.04376,-1.91900,-1.95093,-1.20505,-1.04587,2.57780
2.04347,-1.92021,-1.95038,-1.20304,-1.04657,2.57676
2.04366,-1.91974,-1.95052,-1.20393,-1.04599,2.57770
2.04385,-1.91927,-1.95065,-1.20482,-1.04542,2.57862
2.04444,-1.91902,-1.95065,-1.20453,-1.04401,2.57826
2.04503,-1.91877,-1.95065,-1.20424,-1.04259,2.57790
2.04406,-1.92005,-1.95013,-1.20308,-1.04477,2.57925
2.04309,-1.92134,-1.94961,-1.20192,-1.04695,2.58059
2.04392,-1.92035,-1.94990,-1.20305,-1.04494,2.58090
2.04474,-1.91937,-1.95019,-1.20418,-1.04293,2.58122
2.04475,-1.91972,-1.95000,-1.20351,-1.04286,2.58126
2.04477,-1.92008,-1.94981,-1.20283,-1.04279,2.58130
2.04413,-1.92127,-1.94928,-1.20131,-1.04426,2.58166
2.04349,-1.92247,-1.94876,-1.19978,-1.04573,2.58202
2.04414,-1.92160,-1.94906,-1.20080,-1.04414,2.58109
2.04480,-1.92073,-1.94935,-1.20183,-1.04255,2.58018
2.04484,-1.92087,-1.94925,-1.20144,-1.04244,2.57928
2.04488,-1.92100,-1.94915,-1.20108,-1.04234,2.57841
2.04533,-1.92066,-1.94922,-1.20131,-1.04117,2.57949
2.04577,-1.92030,-1.94929,-1.20156,-1.04001,2.58056
2.04575,-1.92192,-1.94828,-1.19863,-1.03987,2.57912
2.04572,-1.92355,-1.94728,-1.19570,-1.03973,2.57768
2.04495,-1.92385,-1.94733,-1.19609,-1.04164,2.57948
2.04418,-1.92416,-1.94739,-1.19649,-1.04355,2.58128
2.04460,-1.92374,-1.94746,-1.19696,-1.04242,2.58138
2.04503,-1.92332,-1.94752,-1.19744,-1.04129,2.58149
2.04517,-1.92605,-1.94574,-1.19248,-1.04063,2.57908
2.04530,-1.92877,-1.94394,-1.18754,-1.03998,2.57668
2.04508,-1.92641,-1.94555,-1.19184,-1.04083,2.57990
2.04486,-1.92406,-1.94715,-1.19615,-1.04169,2.58313
2.04540,-1.92380,-1.94708,-1.19629,-1.04027,2.58202
2.04595,-1.92354,-1.94701,-1.19644,-1.03885,2.58090
2.04559,-1.92412,-1.94684,-1.19557,-1.03978,2.58090
2.04522,-1.92469,-1.94667,-1.19471,-1.04072,2.58090
2.04585,-1.92519,-1.94612,-1.19326,-1.03907,2.58055
2.04647,-1.92570,-1.94558,-1.19181,-1.03741,2.58018
2.04635,-1.92581,-1.94555,-1.19173,-1.03773,2.57955
2.04624,-1.92592,-1.94552,-1.19164,-1.03804,2.57891
2.04574,-1.92549,-1.94589,-1.19306,-1.03921,2.58063
2.04524,-1.92507,-1.94626,-1.19449,-1.04037,2.58235
2.04599,-1.92496,-1.94610,-1.19390,-1.03851,2.58079
2.04675,-1.92486,-1.94594,-1.19329,-1.03665,2.57923
2.04679,-1.92474,-1.94597,-1.19349,-1.03654,2.57965
2.04682,-1.92462,-1.94601,-1.19370,-1.03644,2.58009
2.04633,-1.92569,-1.94551,-1.19239,-1.03755,2.58004
2.04584,-1.92674,-1.94501,-1.19109,-1.03866,2.58000
2.04594,-1.92771,-1.94445,-1.18883,-1.03845,2.57811
2.04603,-1.92867,-1.94390,-1.18660,-1.03824,2.57625
2.04622,-1.92499,-1.94615,-1.19298,-1.03820,2.57781
2.04641,-1.92130,-1.94837,-1.19940,-1.03818,2.57937
2.04669,-1.91970,-1.94931,-1.20174,-1.03774,2.57848
2.04697,-1.91812,-1.95023,-1.20407,-1.03731,2.57757
2.04699,-1.91669,-1.95110,-1.20649,-1.03736,2.57911
2.04702,-1.91527,-1.95196,-1.20891,-1.03741,2.58063
2.04657,-1.91484,-1.95240,-1.21014,-1.03872,2.58016
2.04611,-1.91441,-1.95283,-1.21136,-1.04003,2.57968
2.04571,-1.91488,-1.95277,-1.21058,-1.04122,2.57984
2.04532,-1.91535,-1.95270,-1.20981,-1.04239,2.58001
2.04589,-1.91311,-1.95396,-1.21283,-1.04132,2.57798
2.04646,-1.91087,-1.95520,-1.21586,-1.04024,2.57596
2.04739,-1.90753,-1.95684,-1.22115,-1.03818,2.57798
2.04832,-1.90419,-1.95845,-1.22648,-1.03612,2.58002
2.04844,-1.90297,-1.95922,-1.22835,-1.03615,2.58117
2.04855,-1.90174,-1.95999,-1.23023,-1.03618,2.58232
2.04806,-1.90128,-1.96040,-1.23155,-1.03746,2.58162
2.04757,-1.90082,-1.96080,-1.23286,-1.03872,2.58091
2.04788,-1.89946,-1.96158,-1.23460,-1.03829,2.58136
2.04820,-1.89811,-1.96235,-1.23634,-1.03787,2.58180
2.04856,-1.89639,-1.96330,-1.23895,-1.03716,2.58337
2.04891,-1.89467,-1.96424,-1.24156,-1.03647,2.58495
2.04847,-1.89437,-1.96464,-1.24218,-1.03777,2.58408
2.04802,-1.89407,-1.96503,-1.24281,-1.03908,2.58321
2.04852,-1.89291,-1.96560,-1.24415,-1.03809,2.58364
2.04901,-1.89177,-1.96616,-1.24549,-1.03711,2.58408
2.04926,-1.89029,-1.96688,-1.24814,-1.03664,2.58710
2.04950,-1.88881,-1.96759,-1.25081,-1.03618,2.59014
2.04928,-1.88751,-1.96856,-1.25263,-1.03713,2.58680
2.04907,-1.88620,-1.96952,-1.25447,-1.03807,2.58347
2.04936,-1.88460,-1.97031,-1.25717,-1.03754,2.58584
2.04965,-1.88300,-1.97110,-1.25988,-1.03701,2.58820
2.04941,-1.88284,-1.97135,-1.25989,-1.03780,2.58576
2.04916,-1.88270,-1.97159,-1.25989,-1.03859,2.58332
2.04933,-1.88082,-1.97259,-1.26308,-1.03843,2.58413
2.04951,-1.87893,-1.97359,-1.26628,-1.03827,2.58495
2.05003,-1.87690,-1.97456,-1.26955,-1.03736,2.58725
2.05054,-1.87487,-1.97553,-1.27282,-1.03645,2.58956
2.05051,-1.87293,-1.97655,-1.27647,-1.03679,2.59283
2.05046,-1.87099,-1.97757,-1.28013,-1.03713,2.59611
2.05055,-1.86999,-1.97813,-1.28143,-1.03714,2.59431
2.05064,-1.86899,-1.97868,-1.28273,-1.03715,2.59251
2.05073,-1.86791,-1.97931,-1.28419,-1.03717,2.59189
2.05081,-1.86684,-1.97994,-1.28564,-1.03719,2.59126
2.05106,-1.86552,-1.98061,-1.28762,-1.03686,2.59182
2.05132,-1.86420,-1.98126,-1.28960,-1.03652,2.59237
2.05157,-1.86246,-1.98215,-1.29220,-1.03624,2.59115
2.05183,-1.86072,-1.98304,-1.29480,-1.03595,2.58993
2.05186,-1.86011,-1.98336,-1.29587,-1.03604,2.59160
2.05190,-1.85949,-1.98369,-1.29692,-1.03612,2.59327
2.05194,-1.85794,-1.98447,-1.29971,-1.03618,2.59409
2.05198,-1.85638,-1.98524,-1.30252,-1.03624,2.59492
2.05195,-1.85538,-1.98586,-1.30408,-1.03664,2.59383
2.05192,-1.85438,-1.98648,-1.30562,-1.03705,2.59273
2.05213,-1.85216,-1.98747,-1.30940,-1.03675,2.59396
2.05234,-1.84994,-1.98845,-1.31318,-1.03645,2.59520
2.05271,-1.84776,-1.98945,-1.31675,-1.03587,2.59414
2.05308,-1.84560,-1.99044,-1.32031,-1.03528,2.59306
2.05316,-1.84455,-1.99094,-1.32204,-1.03525,2.59300
2.05325,-1.84351,-1.99144,-1.32375,-1.03522,2.59295
2.05340,-1.84192,-1.99216,-1.32648,-1.03519,2.59429
2.05356,-1.84032,-1.99288,-1.32920,-1.03517,2.59563
2.05345,-1.83885,-1.99360,-1.33201,-1.03568,2.59575
2.05334,-1.83737,-1.99432,-1.33483,-1.03619,2.59586
2.05322,-1.83651,-1.99475,-1.33645,-1.03655,2.59478
2.05311,-1.83566,-1.99517,-1.33807,-1.03689,2.59369
2.05306,-1.83468,-1.99565,-1.33972,-1.03727,2.59379
2.05301,-1.83369,-1.99615,-1.34138,-1.03764,2.59389
2.05308,-1.83228,-1.99674,-1.34404,-1.03768,2.59387
2.05315,-1.83087,-1.99733,-1.34671,-1.03773,2.59384
2.05361,-1.82860,-1.99833,-1.35004,-1.03703,2.59459
2.05406,-1.82633,-1.99932,-1.35336,-1.03635,2.59533
2.05456,-1.82352,-2.00033,-1.35836,-1.03541,2.59644
2.05507,-1.82070,-2.00132,-1.36338,-1.03447,2.59757
2.05497,-1.81896,-2.00208,-1.36679,-1.03496,2.59820
2.05487,-1.81723,-2.00283,-1.37019,-1.03544,2.59882
2.05455,-1.81749,-2.00280,-1.36989,-1.03610,2.59729
2.05423,-1.81776,-2.00277,-1.36959,-1.03676,2.59575
2.05390,-1.81538,-2.00390,-1.37444,-1.03803,2.59838
2.05356,-1.81299,-2.00501,-1.37932,-1.03931,2.60100
2.05447,-1.81246,-2.00499,-1.37941,-1.03717,2.60118
2.05539,-1.81193,-2.00496,-1.37949,-1.03501,2.60136
2.05552,-1.80950,-2.00590,-1.38397,-1.03507,2.60107
2.05566,-1.80707,-2.00684,-1.38845,-1.03512,2.60078
2.05539,-1.80523,-2.00768,-1.39218,-1.03610,2.60236
2.05512,-1.80339,-2.00851,-1.39590,-1.03708,2.60395
2.05576,-1.80108,-2.00941,-1.39911,-1.03609,2.60331
2.05641,-1.79877,-2.01029,-1.40233,-1.03509,2.60265
2.05734,-1.79536,-2.01124,-1.40830,-1.03304,2.60309
2.05828,-1.79195,-2.01217,-1.41431,-1.03099,2.60354
2.05824,-1.79174,-2.01228,-1.41467,-1.03115,2.60381
2.05820,-1.79154,-2.01240,-1.41505,-1.03132,2.60409
2.05860,-1.78912,-2.01311,-1.41945,-1.03060,2.60342
2.05899,-1.78671,-2.01380,-1.42385,-1.02988,2.60277
2.05872,-1.78767,-2.01360,-1.42197,-1.03057,2.60274
2.05845,-1.78862,-2.01339,-1.42011,-1.03126,2.60271
2.05920,-1.78569,-2.01404,-1.42574,-1.02952,2.60229
2.05996,-1.78277,-2.01466,-1.43137,-1.02777,2.60187
2.05966,-1.78234,-2.01495,-1.43242,-1.02859,2.60332
2.05936,-1.78191,-2.01524,-1.43348,-1.02942,2.60477
2.05990,-1.78092,-2.01534,-1.43512,-1.02818,2.60438
2.06044,-1.77993,-2.01545,-1.43676,-1.02694,2.60401
2.06237,-1.77496,-2.01658,-1.44491,-1.02275,2.60330
2.06430,-1.77000,-2.01767,-1.45311,-1.01855,2.60261
2.06387,-1.77066,-2.01756,-1.45231,-1.01960,2.60412
2.06345,-1.77132,-2.01745,-1.45151,-1.02066,2.60562
2.06431,-1.77044,-2.01747,-1.45260,-1.01853,2.60499
2.06517,-1.76955,-2.01748,-1.45372,-1.01639,2.60436
2.06544,-1.76832,-2.01777,-1.45612,-1.01585,2.60530
2.06570,-1.76709,-2.01805,-1.45851,-1.01531,2.60624
2.06541,-1.76685,-2.01817,-1.45936,-1.01605,2.60680
2.06512,-1.76660,-2.01830,-1.46022,-1.01678,2.60735
2.06531,-1.76579,-2.01850,-1.46161,-1.01639,2.60794
2.06549,-1.76499,-2.01870,-1.46298,-1.01601,2.60855
2.06660,-1.76278,-2.01910,-1.46623,-1.01353,2.60870
2.06772,-1.76057,-2.01949,-1.46950,-1.01106,2.60887
2.06882,-1.75772,-2.01983,-1.47491,-1.00840,2.60833
2.06993,-1.75488,-2.02015,-1.48034,-1.00573,2.60779
2.07107,-1.75064,-2.02059,-1.48950,-1.00273,2.61040
2.07221,-1.74641,-2.02098,-1.49874,-0.99975,2.61306
2.07382,-1.74466,-2.02098,-1.50094,-0.99593,2.61036
2.07542,-1.74293,-2.02096,-1.50312,-0.99212,2.60764
2.07513,-1.74197,-2.02118,-1.50563,-0.99289,2.61000
2.07483,-1.74102,-2.02140,-1.50813,-0.99367,2.61236
2.07531,-1.74167,-2.02109,-1.50640,-0.99232,2.61091
2.07578,-1.74232,-2.02078,-1.50464,-0.99098,2.60943
2.07642,-1.74214,-2.02061,-1.50452,-0.98932,2.60901
2.07705,-1.74195,-2.02044,-1.50443,-0.98768,2.60861
2.07819,-1.73974,-2.02064,-1.50814,-0.98505,2.60886
2.07934,-1.73752,-2.02083,-1.51188,-0.98242,2.60913
2.07940,-1.73749,-2.02087,-1.51182,-0.98230,2.60916
2.07946,-1.73747,-2.02091,-1.51176,-0.98218,2.60918
2.08058,-1.73328,-2.02120,-1.52083,-0.97938,2.61112
2.08169,-1.72912,-2.02144,-1.52996,-0.97658,2.61310
2.08203,-1.72860,-2.02151,-1.53061,-0.97581,2.61146
2.08238,-1.72807,-2.02158,-1.53128,-0.97504,2.60981
2.08225,-1.72774,-2.02165,-1.53227,-0.97533,2.61125
2.08212,-1.72740,-2.02172,-1.53327,-0.97563,2.61268
2.08279,-1.72637,-2.02178,-1.53475,-0.97422,2.61185
2.08346,-1.72534,-2.02184,-1.53625,-0.97281,2.61103
2.08432,-1.72257,-2.02200,-1.54211,-0.97079,2.61317
2.08519,-1.71979,-2.02213,-1.54802,-0.96878,2.61534
2.08542,-1.71598,-2.02280,-1.55637,-0.96859,2.61907
2.08563,-1.71220,-2.02343,-1.56472,-0.96843,2.62281
2.08684,-1.71213,-2.02304,-1.56391,-0.96547,2.62090
2.08804,-1.71208,-2.02263,-1.56305,-0.96252,2.61898
2.08821,-1.70742,-2.02293,-1.57458,-0.96151,2.62389
2.08837,-1.70279,-2.02316,-1.58617,-0.96054,2.62882
2.08893,-1.70186,-2.02300,-1.58823,-0.95903,2.62935
2.08949,-1.70092,-2.02284,-1.59032,-0.95753,2.62987
2.09006,-1.69931,-2.02260,-1.59447,-0.95595,2.63098
2.09063,-1.69771,-2.02234,-1.59862,-0.95437,2.63211
2.09115,-1.69720,-2.02226,-1.59937,-0.95310,2.63184
2.09168,-1.69668,-2.02218,-1.60013,-0.95181,2.63156
2.09193,-1.69491,-2.02229,-1.60419,-0.95128,2.63415
2.09218,-1.69314,-2.02241,-1.60827,-0.95077,2.63673
2.09270,-1.69232,-2.02242,-1.60955,-0.94970,2.63698
2.09321,-1.69150,-2.02243,-1.61085,-0.94864,2.63722
2.09348,-1.68973,-2.02310,-1.61332,-0.94859,2.63885
2.09375,-1.68796,-2.02376,-1.61579,-0.94856,2.64048
2.09424,-1.68559,-2.02372,-1.62105,-0.94714,2.64195
2.09473,-1.68323,-2.02367,-1.62631,-0.94572,2.64342
2.09569,-1.68169,-2.02312,-1.63041,-0.94296,2.64387
2.09666,-1.68016,-2.02256,-1.63450,-0.94019,2.64432
2.09695,-1.67960,-2.02261,-1.63538,-0.93967,2.64494
2.09725,-1.67903,-2.02267,-1.63626,-0.93916,2.64556
2.09678,-1.67869,-2.02363,-1.63504,-0.94091,2.64600
2.09631,-1.67833,-2.02460,-1.63384,-0.94267,2.64644
2.09733,-1.67673,-2.02394,-1.63834,-0.93984,2.64709
2.09835,-1.67514,-2.02327,-1.64284,-0.93701,2.64776
2.09875,-1.67303,-2.02310,-1.64805,-0.93597,2.65015
2.09914,-1.67094,-2.02292,-1.65325,-0.93493,2.65254
2.09969,-1.66939,-2.02279,-1.65686,-0.93338,2.65361
2.10025,-1.66785,-2.02265,-1.66047,-0.93182,2.65470
2.10097,-1.66653,-2.02260,-1.66284,-0.93017,2.65452
2.10168,-1.66521,-2.02254,-1.66523,-0.92854,2.65435
2.10114,-1.66473,-2.02295,-1.66593,-0.93001,2.65603
2.10060,-1.66426,-2.02336,-1.66664,-0.93150,2.65772
2.10079,-1.66502,-2.02332,-1.66428,-0.93094,2.65569
2.10099,-1.66580,-2.02327,-1.66189,-0.93038,2.65365
2.10233,-1.66174,-2.02281,-1.67164,-0.92708,2.65732
2.10366,-1.65771,-2.02229,-1.68141,-0.92380,2.66102
2.10413,-1.65672,-2.02201,-1.68414,-0.92254,2.66196
2.10461,-1.65574,-2.02172,-1.68686,-0.92127,2.66289
2.10539,-1.65419,-2.02148,-1.69028,-0.91939,2.66365
2.10618,-1.65265,-2.02124,-1.69370,-0.91750,2.66441
2.10652,-1.65116,-2.02127,-1.69670,-0.91662,2.66551
2.10685,-1.64969,-2.02130,-1.69966,-0.91574,2.66659
2.10720,-1.64860,-2.02106,-1.70254,-0.91486,2.66788
2.10755,-1.64751,-2.02081,-1.70541,-0.91398,2.66919
2.10799,-1.64631,-2.02081,-1.70756,-0.91309,2.67000
2.10843,-1.64511,-2.02081,-1.70972,-0.91220,2.67082
2.10872,-1.64326,-2.02061,-1.71433,-0.91132,2.67268
2.10900,-1.64142,-2.02039,-1.71897,-0.91043,2.67456
2.10998,-1.64040,-2.01984,-1.72142,-0.90779,2.67418
2.11096,-1.63939,-2.01928,-1.72387,-0.90515,2.67381
2.11139,-1.63644,-2.01926,-1.73051,-0.90443,2.67668
2.11182,-1.63349,-2.01923,-1.73717,-0.90373,2.67955
2.11149,-1.63420,-2.01943,-1.73536,-0.90467,2.67712
2.11115,-1.63490,-2.01962,-1.73357,-0.90562,2.67470
2.11127,-1.63587,-2.01945,-1.73088,-0.90534,2.67166
2.11138,-1.63683,-2.01928,-1.72820,-0.90506,2.66862
2.11147,-1.63618,-2.01963,-1.72842,-0.90527,2.66699
2.11157,-1.63553,-2.01997,-1.72862,-0.90549,2.66535
2.11162,-1.63675,-2.01979,-1.72555,-0.90571,2.66297
2.11167,-1.63797,-2.01961,-1.72248,-0.90595,2.66059
2.11151,-1.63746,-2.02009,-1.72270,-0.90667,2.65883
2.11135,-1.63696,-2.02056,-1.72291,-0.90741,2.65707
2.11133,-1.63629,-2.02079,-1.72340,-0.90772,2.65534
2.11131,-1.63562,-2.02103,-1.72389,-0.90805,2.65362
2.11100,-1.63634,-2.02116,-1.72186,-0.90890,2.65125
2.11070,-1.63706,-2.02128,-1.71979,-0.90975,2.64887
2.11071,-1.63623,-2.02172,-1.72056,-0.91017,2.64736
2.11072,-1.63539,-2.02215,-1.72136,-0.91059,2.64584
2.11101,-1.63755,-2.02161,-1.71632,-0.91035,2.64318
2.11131,-1.63973,-2.02106,-1.71127,-0.91011,2.64052
2.11107,-1.64044,-2.02128,-1.70916,-0.91092,2.63821
2.11084,-1.64115,-2.02149,-1.70707,-0.91171,2.63590
2.11053,-1.64188,-2.02174,-1.70502,-0.91264,2.63347
2.11021,-1.64261,-2.02198,-1.70298,-0.91357,2.63104
2.11001,-1.64363,-2.02192,-1.70039,-0.91426,2.62865
2.10981,-1.64464,-2.02186,-1.69782,-0.91493,2.62627
2.10942,-1.64555,-2.02209,-1.69551,-0.91605,2.62388
2.10902,-1.64646,-2.02232,-1.69319,-0.91716,2.62148
2.10908,-1.64620,-2.02259,-1.69288,-0.91753,2.61976
2.10913,-1.64594,-2.02286,-1.69257,-0.91790,2.61804
2.10928,-1.64583,-2.02288,-1.69190,-0.91799,2.61614
2.10942,-1.64570,-2.02289,-1.69127,-0.91808,2.61426
2.10947,-1.64626,-2.02279,-1.68946,-0.91839,2.61230
2.10952,-1.64681,-2.02269,-1.68767,-0.91871,2.61035
2.10975,-1.64715,-2.02277,-1.68616,-0.91878,2.60842
2.10996,-1.64749,-2.02286,-1.68467,-0.91887,2.60649
2.11037,-1.64758,-2.02293,-1.68359,-0.91865,2.60469
2.11077,-1.64767,-2.02301,-1.68251,-0.91841,2.60289
2.11118,-1.64777,-2.02308,-1.68142,-0.91817,2.60108
2.11158,-1.64786,-2.02315,-1.68034,-0.91795,2.59928
2.11199,-1.64795,-2.02322,-1.67926,-0.91772,2.59748
2.11239,-1.64804,-2.02329,-1.67817,-0.91749,2.59567
2.11279,-1.64813,-2.02337,-1.67709,-0.91727,2.59388
2.11319,-1.64823,-2.02344,-1.67601,-0.91705,2.59207
2.11360,-1.64832,-2.02351,-1.67491,-0.91682,2.59026
2.11400,-1.64842,-2.02358,-1.67383,-0.91660,2.58845
2.11440,-1.64852,-2.02364,-1.67274,-0.91638,2.58665
2.11480,-1.64861,-2.02371,-1.67166,-0.91616,2.58486
2.11520,-1.64870,-2.02378,-1.67058,-0.91595,2.58305
2.11560,-1.64880,-2.02385,-1.66949,-0.91573,2.58125
2.11600,-1.64890,-2.02392,-1.66841,-0.91551,2.57944
2.11640,-1.64899,-2.02398,-1.66732,-0.91530,2.57763
2.11679,-1.64910,-2.02405,-1.66622,-0.91510,2.57582
2.11719,-1.64920,-2.02412,-1.66514,-0.91488,2.57402
2.11758,-1.64930,-2.02419,-1.66406,-0.91469,2.57222
2.11798,-1.64939,-2.02425,-1.66297,-0.91448,2.57042
2.11838,-1.64950,-2.02432,-1.66188,-0.91428,2.56861
2.11877,-1.64960,-2.02438,-1.66080,-0.91407,2.56681
2.11917,-1.64970,-2.02445,-1.65970,-0.91387,2.56500
2.11956,-1.64981,-2.02451,-1.65861,-0.91368,2.56319
2.11996,-1.64990,-2.02458,-1.65753,-0.91347,2.56139
2.12035,-1.65001,-2.02464,-1.65644,-0.91328,2.55958
2.12074,-1.65011,-2.02470,-1.65534,-0.91308,2.55778
2.12114,-1.65022,-2.02477,-1.65424,-0.91289,2.55596
2.12153,-1.65033,-2.02483,-1.65315,-0.91270,2.55415
2.12192,-1.65043,-2.02489,-1.65206,-0.91251,2.55235
2.12231,-1.65054,-2.02495,-1.65098,-0.91232,2.55054
2.12270,-1.65065,-2.02501,-1.64989,-0.91213,2.54874
2.12309,-1.65075,-2.02507,-1.64880,-0.91195,2.54693
2.12347,-1.65087,-2.02514,-1.64770,-0.91177,2.54513
2.12386,-1.65098,-2.02520,-1.64660,-0.91159,2.54331
2.12425,-1.65108,-2.02525,-1.64552,-0.91140,2.54151
2.12464,-1.65120,-2.02531,-1.64442,-0.91123,2.53970
2.12502,-1.65130,-2.02537,-1.64334,-0.91105,2.53790
2.12541,-1.65142,-2.02543,-1.64223,-0.91088,2.53608
2.12580,-1.65153,-2.02549,-1.64115,-0.91070,2.53428
2.12618,-1.65164,-2.02555,-1.64005,-0.91053,2.53247
2.12657,-1.65175,-2.02560,-1.63896,-0.91035,2.53066
2.12695,-1.65187,-2.02566,-1.63787,-0.91019,2.52885
2.12733,-1.65198,-2.02572,-1.63678,-0.91002,2.52705
2.12772,-1.65210,-2.02577,-1.63567,-0.90985,2.52524
2.12810,-1.65222,-2.02583,-1.63458,-0.90969,2.52343
2.12848,-1.65233,-2.02588,-1.63349,-0.90953,2.52163
2.12886,-1.65245,-2.02594,-1.63239,-0.90937,2.51982
2.12924,-1.65256,-2.02599,-1.63131,-0.90921,2.51801
2.12963,-1.65268,-2.02605,-1.63021,-0.90905,2.51620
2.13000,-1.65280,-2.02610,-1.62912,-0.90889,2.51440
2.13039,-1.65292,-2.02616,-1.62802,-0.90874,2.51258
2.13077,-1.65303,-2.02621,-1.62694,-0.90858,2.51079
2.13114,-1.65316,-2.02626,-1.62583,-0.90843,2.50897
2.13152,-1.65328,-2.02631,-1.62473,-0.90827,2.50716
2.13190,-1.65340,-2.02637,-1.62364,-0.90814,2.50536
2.13228,-1.65352,-2.02642,-1.62255,-0.90798,2.50354
2.13265,-1.65364,-2.02647,-1.62145,-0.90784,2.50174
2.13303,-1.65376,-2.02652,-1.62036,-0.90769,2.49993
2.13340,-1.65389,-2.02657,-1.61925,-0.90755,2.49812
2.13378,-1.65401,-2.02662,-1.61818,-0.90741,2.49632
2.13415,-1.65414,-2.02666,-1.61708,-0.90727,2.49451
2.13453,-1.65426,-2.02671,-1.61598,-0.90713,2.49270
2.13490,-1.65439,-2.02676,-1.61487,-0.90699,2.49089
2.13527,-1.65451,-2.02681,-1.61379,-0.90686,2.48909
2.13565,-1.65464,-2.02686,-1.61269,-0.90673,2.48728
