1.36629,-1.92076,-1.65320,-2.28431,-1.89160,0.87160
1.36654,-1.92118,-1.65322,-2.28264,-1.89147,0.87245
1.36680,-1.92160,-1.65325,-2.28097,-1.89134,0.87329
1.36705,-1.92203,-1.65327,-2.27929,-1.89121,0.87414
1.36731,-1.92245,-1.65330,-2.27762,-1.89108,0.87498
1.36756,-1.92288,-1.65331,-2.27595,-1.89096,0.87582
1.36781,-1.92330,-1.65333,-2.27428,-1.89082,0.87667
1.36767,-1.92401,-1.65314,-2.27251,-1.89153,0.87698
1.36752,-1.92471,-1.65294,-2.27076,-1.89223,0.87729
1.36721,-1.92517,-1.65298,-2.26933,-1.89329,0.87780
1.36690,-1.92562,-1.65302,-2.26791,-1.89433,0.87831
1.36645,-1.92615,-1.65286,-2.26664,-1.89575,0.87880
1.36601,-1.92668,-1.65271,-2.26537,-1.89717,0.87929
1.36556,-1.92747,-1.65235,-2.26380,-1.89857,0.87922
1.36512,-1.92827,-1.65200,-2.26223,-1.89998,0.87914
1.36477,-1.92880,-1.65195,-2.26079,-1.90113,0.87978
1.36442,-1.92932,-1.65190,-2.25934,-1.90228,0.88041
1.36404,-1.92984,-1.65186,-2.25787,-1.90352,0.88096
1.36368,-1.93036,-1.65181,-2.25642,-1.90475,0.88151
1.36337,-1.93092,-1.65185,-2.25469,-1.90574,0.88214
1.36307,-1.93149,-1.65189,-2.25298,-1.90673,0.88277
1.36283,-1.93199,-1.65204,-2.25118,-1.90758,0.88375
1.36259,-1.93248,-1.65218,-2.24940,-1.90843,0.88471
1.36219,-1.93299,-1.65206,-2.24811,-1.90971,0.88521
1.36181,-1.93350,-1.65193,-2.24684,-1.91098,0.88570
1.36143,-1.93408,-1.65178,-2.24542,-1.91220,0.88613
1.36105,-1.93466,-1.65164,-2.24401,-1.91341,0.88655
1.36058,-1.93510,-1.65141,-2.24312,-1.91495,0.88703
1.36012,-1.93554,-1.65117,-2.24224,-1.91647,0.88749
1.35980,-1.93613,-1.65112,-2.24063,-1.91752,0.88795
1.35948,-1.93671,-1.65106,-2.23904,-1.91857,0.88841
1.35909,-1.93722,-1.65092,-2.23779,-1.91984,0.88889
1.35871,-1.93773,-1.65078,-2.23653,-1.92110,0.88938
1.35835,-1.93823,-1.65067,-2.23526,-1.92227,0.88993
1.35799,-1.93872,-1.65056,-2.23399,-1.92345,0.89048
1.35761,-1.93927,-1.65040,-2.23266,-1.92470,0.89097
1.35723,-1.93981,-1.65025,-2.23133,-1.92595,0.89147
1.35680,-1.94020,-1.65003,-2.23054,-1.92740,0.89191
1.35636,-1.94059,-1.64981,-2.22973,-1.92885,0.89236
1.35602,-1.94122,-1.64972,-2.22807,-1.92994,0.89292
1.35568,-1.94186,-1.64962,-2.22640,-1.93102,0.89348
1.35531,-1.94230,-1.64950,-2.22526,-1.93225,0.89408
1.35493,-1.94275,-1.64938,-2.22412,-1.93349,0.89468
1.35449,-1.94326,-1.64911,-2.22308,-1.93493,0.89502
1.35405,-1.94378,-1.64884,-2.22204,-1.93635,0.89538
1.35374,-1.94427,-1.64879,-2.22063,-1.93741,0.89610
1.35343,-1.94475,-1.64874,-2.21925,-1.93847,0.89682
1.35301,-1.94537,-1.64847,-2.21793,-1.93980,0.89715
1.35259,-1.94600,-1.64821,-2.21660,-1.94114,0.89749
1.35220,-1.94648,-1.64802,-2.21547,-1.94242,0.89801
1.35180,-1.94698,-1.64783,-2.21434,-1.94370,0.89854
1.35140,-1.94747,-1.64761,-2.21325,-1.94503,0.89895
1.35100,-1.94797,-1.64739,-2.21216,-1.94635,0.89938
1.35061,-1.94846,-1.64718,-2.21105,-1.94763,0.89983
1.35022,-1.94897,-1.64697,-2.20992,-1.94891,0.90031
1.34985,-1.94947,-1.64679,-2.20872,-1.95011,0.90088
1.34949,-1.94997,-1.64662,-2.20751,-1.95131,0.90145
1.34911,-1.95048,-1.64642,-2.20636,-1.95257,0.90195
1.34872,-1.95098,-1.64622,-2.20522,-1.95382,0.90246
1.34823,-1.95146,-1.64586,-2.20439,-1.95544,0.90275
1.34773,-1.95195,-1.64550,-2.20358,-1.95705,0.90306
1.34739,-1.95252,-1.64533,-2.20216,-1.95820,0.90359
1.34704,-1.95310,-1.64516,-2.20075,-1.95937,0.90413
1.34669,-1.95361,-1.64501,-2.19945,-1.96054,0.90467
1.34633,-1.95413,-1.64486,-2.19815,-1.96170,0.90522
1.34600,-1.95464,-1.64473,-2.19682,-1.96281,0.90577
1.34567,-1.95514,-1.64460,-2.19551,-1.96391,0.90632
1.34533,-1.95564,-1.64444,-2.19427,-1.96503,0.90683
1.34499,-1.95614,-1.64428,-2.19304,-1.96617,0.90735
1.34464,-1.95669,-1.64415,-2.19159,-1.96731,0.90795
1.34431,-1.95723,-1.64403,-2.19016,-1.96844,0.90856
1.34398,-1.95774,-1.64390,-2.18882,-1.96950,0.90912
1.34366,-1.95825,-1.64376,-2.18751,-1.97057,0.90967
1.34332,-1.95878,-1.64362,-2.18615,-1.97171,0.91023
1.34299,-1.95930,-1.64347,-2.18481,-1.97283,0.91080
1.34266,-1.95984,-1.64334,-2.18341,-1.97392,0.91139
1.34234,-1.96037,-1.64321,-2.18200,-1.97500,0.91200
1.34197,-1.96082,-1.64307,-2.18085,-1.97625,0.91237
1.34159,-1.96126,-1.64292,-2.17971,-1.97750,0.91276
1.34135,-1.96202,-1.64285,-2.17763,-1.97827,0.91380
1.34111,-1.96278,-1.64279,-2.17556,-1.97903,0.91484
1.34080,-1.96329,-1.64265,-2.17425,-1.98010,0.91542
1.34048,-1.96380,-1.64250,-2.17294,-1.98117,0.91601
1.34007,-1.96434,-1.64221,-2.17182,-1.98253,0.91647
1.33966,-1.96487,-1.64192,-2.17072,-1.98390,0.91691
1.33932,-1.96541,-1.64175,-2.16936,-1.98503,0.91761
1.33898,-1.96595,-1.64158,-2.16799,-1.98616,0.91830
1.33878,-1.96636,-1.64161,-2.16660,-1.98694,0.91922
1.33856,-1.96677,-1.64164,-2.16519,-1.98772,0.92015
1.33822,-1.96728,-1.64143,-2.16398,-1.98890,0.92067
1.33787,-1.96780,-1.64122,-2.16275,-1.99007,0.92121
1.33757,-1.96831,-1.64108,-2.16145,-1.99109,0.92181
1.33727,-1.96881,-1.64093,-2.16018,-1.99210,0.92241
1.33699,-1.96935,-1.64084,-2.15866,-1.99304,0.92319
1.33672,-1.96989,-1.64076,-2.15715,-1.99399,0.92396
1.33627,-1.97042,-1.64038,-2.15619,-1.99547,0.92456
1.33582,-1.97094,-1.64002,-2.15524,-1.99694,0.92516
1.33554,-1.97146,-1.63990,-2.15381,-1.99790,0.92584
1.33526,-1.97199,-1.63979,-2.15238,-1.99885,0.92652
1.33500,-1.97253,-1.63971,-2.15086,-1.99975,0.92718
1.33475,-1.97306,-1.63963,-2.14933,-2.00063,0.92784
1.33462,-1.97336,-1.63960,-2.14851,-2.00115,0.92802
1.33449,-1.97365,-1.63956,-2.14770,-2.00165,0.92819
1.33435,-1.97395,-1.63950,-2.14692,-2.00219,0.92834
1.33421,-1.97426,-1.63945,-2.14610,-2.00272,0.92851
1.33409,-1.97457,-1.63943,-2.14523,-2.00321,0.92863
1.33397,-1.97489,-1.63940,-2.14436,-2.00370,0.92875
1.33343,-1.97511,-1.63858,-2.14523,-2.00551,0.92771
1.33288,-1.97532,-1.63775,-2.14613,-2.00732,0.92667
1.33278,-1.97611,-1.63765,-2.14422,-2.00763,0.92657
1.33267,-1.97691,-1.63755,-2.14229,-2.00795,0.92648
1.33254,-1.97722,-1.63750,-2.14150,-2.00846,0.92560
1.33241,-1.97752,-1.63745,-2.14070,-2.00898,0.92472
1.33207,-1.97788,-1.63707,-2.14043,-2.01007,0.92358
1.33174,-1.97823,-1.63669,-2.14016,-2.01116,0.92243
1.33168,-1.97862,-1.63676,-2.13891,-2.01146,0.92124
1.33161,-1.97901,-1.63682,-2.13766,-2.01176,0.92006
1.33148,-1.97932,-1.63680,-2.13677,-2.01227,0.91864
1.33136,-1.97963,-1.63678,-2.13589,-2.01278,0.91723
1.33126,-1.98002,-1.63680,-2.13472,-2.01317,0.91599
1.33117,-1.98042,-1.63682,-2.13353,-2.01355,0.91477
1.33103,-1.98088,-1.63676,-2.13233,-2.01405,0.91361
1.33089,-1.98134,-1.63670,-2.13113,-2.01456,0.91246
1.33078,-1.98175,-1.63669,-2.12997,-2.01500,0.91121
1.33067,-1.98215,-1.63668,-2.12882,-2.01544,0.90996
1.33037,-1.98246,-1.63640,-2.12845,-2.01649,0.90872
1.33007,-1.98275,-1.63611,-2.12808,-2.01752,0.90748
1.32991,-1.98318,-1.63599,-2.12711,-2.01809,0.90626
1.32975,-1.98361,-1.63587,-2.12615,-2.01866,0.90502
1.32944,-1.98399,-1.63556,-2.12562,-2.01970,0.90377
1.32914,-1.98436,-1.63525,-2.12512,-2.02072,0.90250
1.32890,-1.98469,-1.63504,-2.12454,-2.02158,0.90123
1.32865,-1.98502,-1.63483,-2.12394,-2.02243,0.89995
1.32848,-1.98546,-1.63470,-2.12292,-2.02306,0.89871
1.32830,-1.98592,-1.63457,-2.12188,-2.02369,0.89748
1.32802,-1.98631,-1.63430,-2.12123,-2.02465,0.89625
1.32774,-1.98671,-1.63403,-2.12057,-2.02561,0.89504
1.32723,-1.98701,-1.63337,-2.12090,-2.02730,0.89378
1.32672,-1.98731,-1.63269,-2.12125,-2.02900,0.89254
1.32666,-1.98762,-1.63278,-2.12013,-2.02932,0.89123
1.32660,-1.98794,-1.63287,-2.11901,-2.02962,0.88993
1.32626,-1.98845,-1.63251,-2.11825,-2.03071,0.88932
1.32591,-1.98895,-1.63215,-2.11752,-2.03181,0.88869
1.32553,-1.98925,-1.63170,-2.11745,-2.03310,0.88780
1.32515,-1.98955,-1.63125,-2.11742,-2.03439,0.88689
1.32459,-1.98969,-1.63051,-2.11825,-2.03633,0.88576
1.32403,-1.98983,-1.62976,-2.11910,-2.03828,0.88463
1.32366,-1.99012,-1.62932,-2.11903,-2.03955,0.88378
1.32329,-1.99041,-1.62887,-2.11897,-2.04083,0.88293
1.32290,-1.99067,-1.62844,-2.11896,-2.04216,0.88233
1.32251,-1.99092,-1.62802,-2.11895,-2.04348,0.88172
1.32197,-1.99137,-1.62737,-2.11890,-2.04519,0.88119
1.32143,-1.99181,-1.62670,-2.11884,-2.04691,0.88064
1.32113,-1.99233,-1.62645,-2.11791,-2.04784,0.88017
1.32083,-1.99283,-1.62620,-2.11698,-2.04875,0.87969
1.32019,-1.99308,-1.62535,-2.11777,-2.05091,0.87930
1.31953,-1.99333,-1.62448,-2.11857,-2.05308,0.87890
1.31934,-1.99354,-1.62419,-2.11837,-2.05390,0.87843
1.31915,-1.99375,-1.62389,-2.11820,-2.05473,0.87796
1.31872,-1.99418,-1.62339,-2.11789,-2.05614,0.87815
1.31828,-1.99461,-1.62288,-2.11761,-2.05754,0.87834
1.31790,-1.99484,-1.62241,-2.11771,-2.05889,0.87826
1.31753,-1.99506,-1.62195,-2.11783,-2.06022,0.87818
1.31729,-1.99528,-1.62169,-2.11757,-2.06116,0.87719
1.31705,-1.99549,-1.62143,-2.11731,-2.06209,0.87619
1.31667,-1.99583,-1.62098,-2.11712,-2.06338,0.87596
1.31630,-1.99617,-1.62053,-2.11690,-2.06466,0.87574
1.31595,-1.99668,-1.62014,-2.11618,-2.06578,0.87565
1.31561,-1.99720,-1.61975,-2.11545,-2.06688,0.87557
1.31521,-1.99747,-1.61920,-2.11557,-2.06831,0.87507
1.31480,-1.99775,-1.61865,-2.11571,-2.06975,0.87456
1.31447,-1.99797,-1.61829,-2.11562,-2.07095,0.87423
1.31413,-1.99819,-1.61792,-2.11554,-2.07215,0.87390
1.31373,-1.99864,-1.61738,-2.11522,-2.07352,0.87380
1.31333,-1.99908,-1.61684,-2.11490,-2.07488,0.87370
1.31327,-1.99940,-1.61689,-2.11384,-2.07519,0.87385
1.31321,-1.99971,-1.61695,-2.11276,-2.07548,0.87400
1.31263,-2.00009,-1.61617,-2.11303,-2.07741,0.87400
1.31205,-2.00047,-1.61540,-2.11330,-2.07934,0.87401
1.31224,-2.00071,-1.61589,-2.11162,-2.07888,0.87411
1.31243,-2.00096,-1.61637,-2.10995,-2.07841,0.87420
1.31234,-2.00144,-1.61621,-2.10881,-2.07881,0.87448
1.31225,-2.00193,-1.61606,-2.10767,-2.07922,0.87474
1.31109,-2.00216,-1.61450,-2.10978,-2.08296,0.87428
1.30993,-2.00239,-1.61292,-2.11192,-2.08672,0.87380
1.30966,-2.00275,-1.61262,-2.11134,-2.08772,0.87399
1.30938,-2.00311,-1.61231,-2.11078,-2.08872,0.87416
1.30913,-2.00338,-1.61200,-2.11044,-2.08969,0.87403
1.30888,-2.00366,-1.61169,-2.11008,-2.09066,0.87390
1.30861,-2.00404,-1.61134,-2.10954,-2.09163,0.87415
1.30834,-2.00442,-1.61099,-2.10903,-2.09260,0.87440
1.30810,-2.00478,-1.61075,-2.10836,-2.09348,0.87467
1.30787,-2.00513,-1.61050,-2.10771,-2.09435,0.87492
1.30764,-2.00549,-1.61026,-2.10704,-2.09518,0.87519
1.30741,-2.00584,-1.61001,-2.10637,-2.09604,0.87545
1.30719,-2.00619,-1.60977,-2.10571,-2.09688,0.87572
1.30696,-2.00655,-1.60953,-2.10504,-2.09773,0.87600
1.30673,-2.00690,-1.60928,-2.10437,-2.09860,0.87624
1.30649,-2.00725,-1.60903,-2.10371,-2.09947,0.87649
1.30627,-2.00760,-1.60879,-2.10305,-2.10032,0.87674
1.30604,-2.00795,-1.60854,-2.10241,-2.10118,0.87699
1.30556,-2.00855,-1.60781,-2.10211,-2.10323,0.87807
1.30508,-2.00915,-1.60708,-2.10183,-2.10529,0.87913
1.30463,-2.00975,-1.60637,-2.10147,-2.10727,0.88046
1.30417,-2.01035,-1.60566,-2.10112,-2.10926,0.88178
1.30378,-2.01092,-1.60511,-2.10058,-2.11104,0.88259
1.30340,-2.01149,-1.60455,-2.10004,-2.11281,0.88340
1.30282,-2.01212,-1.60369,-2.09988,-2.11516,0.88449
1.30225,-2.01275,-1.60284,-2.09972,-2.11749,0.88558
1.30167,-2.01337,-1.60194,-2.09965,-2.11988,0.88685
1.30109,-2.01399,-1.60103,-2.09958,-2.12228,0.88812
1.30089,-2.01455,-1.60080,-2.09843,-2.12345,0.88953
1.30070,-2.01512,-1.60056,-2.09726,-2.12463,0.89093
1.30033,-2.01606,-1.60010,-2.09558,-2.12615,0.89309
1.29997,-2.01700,-1.59964,-2.09390,-2.12767,0.89524
1.29953,-2.01765,-1.59897,-2.09327,-2.12961,0.89732
1.29911,-2.01830,-1.59831,-2.09262,-2.13154,0.89941
1.29871,-2.01892,-1.59767,-2.09207,-2.13336,0.90072
1.29831,-2.01953,-1.59703,-2.09154,-2.13517,0.90203
1.29788,-2.02019,-1.59610,-2.09142,-2.13722,0.90256
1.29744,-2.02085,-1.59517,-2.09129,-2.13925,0.90309
1.29704,-2.02148,-1.59456,-2.09065,-2.14107,0.90453
1.29664,-2.02212,-1.59394,-2.08998,-2.14289,0.90597
1.29624,-2.02275,-1.59333,-2.08931,-2.14470,0.90741
1.29585,-2.02339,-1.59271,-2.08864,-2.14652,0.90883
1.29548,-2.02401,-1.59213,-2.08793,-2.14828,0.91051
1.29511,-2.02463,-1.59154,-2.08723,-2.15004,0.91221
1.29477,-2.02524,-1.59108,-2.08634,-2.15164,0.91364
1.29443,-2.02586,-1.59062,-2.08545,-2.15325,0.91508
1.29396,-2.02654,-1.58977,-2.08506,-2.15533,0.91622
1.29349,-2.02723,-1.58892,-2.08467,-2.15740,0.91736
1.29321,-2.02786,-1.58852,-2.08361,-2.15884,0.91877
1.29294,-2.02850,-1.58812,-2.08254,-2.16026,0.92018
1.29244,-2.02915,-1.58724,-2.08228,-2.16245,0.92161
1.29194,-2.02980,-1.58636,-2.08201,-2.16464,0.92305
1.29157,-2.03040,-1.58591,-2.08111,-2.16634,0.92447
1.29120,-2.03100,-1.58545,-2.08019,-2.16804,0.92590
1.29079,-2.03165,-1.58478,-2.07954,-2.16994,0.92731
1.29037,-2.03230,-1.58410,-2.07892,-2.17183,0.92872
1.29004,-2.03292,-1.58346,-2.07826,-2.17355,0.93045
1.28972,-2.03354,-1.58282,-2.07759,-2.17524,0.93218
1.28930,-2.03413,-1.58208,-2.07717,-2.17722,0.93357
1.28890,-2.03472,-1.58134,-2.07676,-2.17918,0.93496
1.28854,-2.03535,-1.58076,-2.07598,-2.18094,0.93628
1.28818,-2.03598,-1.58017,-2.07517,-2.18269,0.93762
1.28776,-2.03666,-1.57952,-2.07442,-2.18456,0.93912
1.28734,-2.03734,-1.57887,-2.07366,-2.18644,0.94061
1.28692,-2.03806,-1.57816,-2.07287,-2.18837,0.94238
1.28649,-2.03878,-1.57744,-2.07207,-2.19031,0.94415
1.28606,-2.03945,-1.57670,-2.07145,-2.19229,0.94531
1.28564,-2.04011,-1.57597,-2.07083,-2.19426,0.94647
1.28519,-2.04087,-1.57514,-2.07014,-2.19629,0.94771
1.28474,-2.04163,-1.57432,-2.06945,-2.19832,0.94896
1.28444,-2.04225,-1.57384,-2.06841,-2.19990,0.95095
1.28415,-2.04287,-1.57336,-2.06739,-2.20148,0.95294
1.28364,-2.04366,-1.57252,-2.06666,-2.20364,0.95417
1.28314,-2.04444,-1.57167,-2.06592,-2.20581,0.95541
1.28292,-2.04505,-1.57134,-2.06466,-2.20712,0.95732
1.28271,-2.04566,-1.57101,-2.06339,-2.20843,0.95923
1.28243,-2.04642,-1.57053,-2.06200,-2.20993,0.96116
1.28214,-2.04717,-1.57005,-2.06061,-2.21144,0.96310
1.28188,-2.04785,-1.56953,-2.05952,-2.21291,0.96437
1.28162,-2.04853,-1.56901,-2.05844,-2.21439,0.96567
1.28125,-2.04919,-1.56834,-2.05770,-2.21619,0.96662
1.28088,-2.04985,-1.56767,-2.05695,-2.21800,0.96757
1.28069,-2.05059,-1.56741,-2.05522,-2.21915,0.96918
1.28049,-2.05133,-1.56716,-2.05348,-2.22029,0.97081
1.28041,-2.05195,-1.56701,-2.05186,-2.22118,0.97241
1.28033,-2.05256,-1.56687,-2.05023,-2.22206,0.97402
1.28019,-2.05324,-1.56673,-2.04849,-2.22301,0.97534
1.28006,-2.05391,-1.56659,-2.04675,-2.22396,0.97665
1.27991,-2.05459,-1.56621,-2.04536,-2.22511,0.97818
1.27978,-2.05526,-1.56583,-2.04396,-2.22624,0.97971
1.27958,-2.05593,-1.56546,-2.04263,-2.22748,0.98113
1.27939,-2.05661,-1.56509,-2.04127,-2.22870,0.98257
1.27924,-2.05732,-1.56484,-2.03957,-2.22977,0.98426
1.27909,-2.05802,-1.56460,-2.03786,-2.23083,0.98596
1.27893,-2.05872,-1.56430,-2.03623,-2.23197,0.98744
1.27877,-2.05942,-1.56399,-2.03460,-2.23312,0.98893
1.27859,-2.06015,-1.56374,-2.03290,-2.23421,0.99038
1.27842,-2.06087,-1.56349,-2.03121,-2.23531,0.99184
1.27824,-2.06166,-1.56325,-2.02926,-2.23640,0.99323
1.27807,-2.06244,-1.56302,-2.02733,-2.23748,0.99461
1.27803,-2.06305,-1.56282,-2.02580,-2.23830,0.99598
1.27799,-2.06366,-1.56261,-2.02428,-2.23912,0.99735
1.27791,-2.06444,-1.56261,-2.02193,-2.23986,0.99878
1.27784,-2.06520,-1.56261,-2.01959,-2.24060,1.00019
1.27763,-2.06597,-1.56214,-2.01810,-2.24191,1.00158
1.27742,-2.06674,-1.56166,-2.01662,-2.24321,1.00295
1.27732,-2.06738,-1.56148,-2.01498,-2.24410,1.00420
1.27721,-2.06803,-1.56128,-2.01335,-2.24500,1.00544
1.27711,-2.06879,-1.56120,-2.01123,-2.24580,1.00650
1.27701,-2.06955,-1.56111,-2.00911,-2.24659,1.00755
1.27677,-2.07016,-1.56067,-2.00796,-2.24801,1.00907
1.27653,-2.07078,-1.56023,-2.00683,-2.24944,1.01059
1.27636,-2.07152,-1.55978,-2.00536,-2.25061,1.01137
1.27619,-2.07226,-1.55933,-2.00392,-2.25178,1.01213
1.27606,-2.07296,-1.55908,-2.00217,-2.25281,1.01349
1.27592,-2.07366,-1.55883,-2.00044,-2.25383,1.01485
1.27589,-2.07427,-1.55889,-1.99844,-2.25446,1.01599
1.27587,-2.07488,-1.55894,-1.99643,-2.25508,1.01713
1.27608,-2.07556,-1.55928,-1.99372,-2.25472,1.01871
1.27629,-2.07623,-1.55963,-1.99103,-2.25436,1.02030
1.27653,-2.07680,-1.56030,-1.98813,-2.25373,1.02078
1.27678,-2.07737,-1.56095,-1.98524,-2.25311,1.02126
1.27687,-2.07795,-1.56111,-1.98319,-2.25314,1.02159
1.27695,-2.07853,-1.56127,-1.98115,-2.25318,1.02191
1.27699,-2.07913,-1.56120,-1.97939,-2.25345,1.02241
1.27704,-2.07974,-1.56114,-1.97764,-2.25372,1.02291
1.27727,-2.08042,-1.56165,-1.97462,-2.25322,1.02455
1.27749,-2.08112,-1.56215,-1.97158,-2.25272,1.02618
1.27786,-2.08166,-1.56278,-1.96875,-2.25188,1.02792
1.27822,-2.08220,-1.56339,-1.96593,-2.25106,1.02965
1.27850,-2.08290,-1.56410,-1.96262,-2.25025,1.03105
1.27877,-2.08361,-1.56479,-1.95931,-2.24945,1.03246
1.27891,-2.08422,-1.56494,-1.95717,-2.24935,1.03310
1.27905,-2.08483,-1.56509,-1.95503,-2.24925,1.03375
1.27926,-2.08558,-1.56568,-1.95176,-2.24869,1.03521
1.27947,-2.08632,-1.56627,-1.94850,-2.24812,1.03668
1.27973,-2.08692,-1.56672,-1.94587,-2.24757,1.03776
1.27998,-2.08753,-1.56718,-1.94325,-2.24703,1.03884
1.28019,-2.08814,-1.56742,-1.94092,-2.24673,1.04001
1.28040,-2.08875,-1.56766,-1.93858,-2.24644,1.04119
1.28055,-2.08943,-1.56814,-1.93573,-2.24609,1.04209
1.28069,-2.09011,-1.56861,-1.93289,-2.24573,1.04300
1.28093,-2.09072,-1.56899,-1.93040,-2.24528,1.04399
1.28117,-2.09132,-1.56935,-1.92794,-2.24483,1.04497
1.28140,-2.09196,-1.56979,-1.92524,-2.24433,1.04604
1.28163,-2.09261,-1.57023,-1.92252,-2.24381,1.04713
1.28191,-2.09327,-1.57058,-1.91992,-2.24327,1.04832
1.28218,-2.09393,-1.57092,-1.91730,-2.24273,1.04951
1.28242,-2.09462,-1.57136,-1.91450,-2.24219,1.05062
1.28267,-2.09531,-1.57178,-1.91168,-2.24165,1.05174
1.28282,-2.09593,-1.57215,-1.90918,-2.24136,1.05216
1.28297,-2.09656,-1.57253,-1.90668,-2.24107,1.05257
1.28325,-2.09725,-1.57290,-1.90396,-2.24049,1.05413
1.28353,-2.09794,-1.57327,-1.90125,-2.23989,1.05568
1.28372,-2.09858,-1.57358,-1.89879,-2.23954,1.05651
1.28392,-2.09922,-1.57390,-1.89633,-2.23916,1.05733
1.28413,-2.09992,-1.57445,-1.89335,-2.23857,1.05855
1.28435,-2.10061,-1.57501,-1.89037,-2.23799,1.05977
1.28441,-2.10122,-1.57502,-1.88848,-2.23812,1.06015
1.28448,-2.10183,-1.57504,-1.88661,-2.23825,1.06052
1.28456,-2.10241,-1.57507,-1.88484,-2.23834,1.06059
1.28463,-2.10299,-1.57510,-1.88305,-2.23843,1.06068
1.28472,-2.10359,-1.57513,-1.88117,-2.23851,1.06109
1.28481,-2.10421,-1.57515,-1.87927,-2.23859,1.06153
1.28488,-2.10476,-1.57515,-1.87761,-2.23870,1.06125
1.28496,-2.10532,-1.57516,-1.87598,-2.23880,1.06097
1.28503,-2.10590,-1.57515,-1.87422,-2.23894,1.06131
1.28510,-2.10648,-1.57515,-1.87248,-2.23907,1.06165
1.28515,-2.10700,-1.57488,-1.87134,-2.23944,1.06252
1.28519,-2.10753,-1.57461,-1.87018,-2.23981,1.06340
1.28525,-2.10811,-1.57464,-1.86840,-2.23995,1.06412
1.28532,-2.10868,-1.57468,-1.86662,-2.24007,1.06484
1.28532,-2.10923,-1.57451,-1.86525,-2.24048,1.06479
1.28531,-2.10977,-1.57433,-1.86390,-2.24091,1.06473
1.28531,-2.11039,-1.57434,-1.86195,-2.24120,1.06659
1.28531,-2.11102,-1.57436,-1.86000,-2.24150,1.06844
1.28543,-2.11163,-1.57434,-1.85823,-2.24150,1.06825
1.28555,-2.11224,-1.57431,-1.85647,-2.24151,1.06806
1.28553,-2.11279,-1.57416,-1.85504,-2.24196,1.06853
1.28551,-2.11334,-1.57402,-1.85361,-2.24239,1.06901
1.28548,-2.11390,-1.57396,-1.85197,-2.24282,1.07042
1.28545,-2.11446,-1.57390,-1.85034,-2.24325,1.07182
1.28565,-2.11516,-1.57417,-1.84781,-2.24285,1.07282
1.28586,-2.11586,-1.57444,-1.84530,-2.24244,1.07381
1.28603,-2.11655,-1.57471,-1.84275,-2.24210,1.07486
1.28622,-2.11725,-1.57499,-1.84021,-2.24176,1.07591
1.28642,-2.11795,-1.57524,-1.83770,-2.24137,1.07689
1.28662,-2.11866,-1.57550,-1.83519,-2.24096,1.07788
1.28691,-2.11943,-1.57580,-1.83246,-2.24030,1.07882
1.28720,-2.12020,-1.57609,-1.82973,-2.23964,1.07976
1.28730,-2.12083,-1.57610,-1.82783,-2.23964,1.08045
1.28740,-2.12147,-1.57611,-1.82593,-2.23964,1.08114
1.28741,-2.12207,-1.57598,-1.82432,-2.23998,1.08165
1.28742,-2.12268,-1.57583,-1.82270,-2.24034,1.08217
1.28758,-2.12337,-1.57604,-1.82032,-2.24006,1.08296
1.28774,-2.12406,-1.57625,-1.81792,-2.23979,1.08374
1.28799,-2.12482,-1.57640,-1.81542,-2.23932,1.08451
1.28823,-2.12559,-1.57655,-1.81292,-2.23886,1.08529
1.28843,-2.12633,-1.57676,-1.81042,-2.23845,1.08637
1.28864,-2.12706,-1.57697,-1.80793,-2.23804,1.08743
1.28881,-2.12777,-1.57713,-1.80556,-2.23775,1.08827
1.28898,-2.12848,-1.57730,-1.80320,-2.23746,1.08910
1.28919,-2.12919,-1.57747,-1.80082,-2.23708,1.08988
1.28939,-2.12991,-1.57764,-1.79843,-2.23670,1.09066
1.28954,-2.13060,-1.57774,-1.79622,-2.23651,1.09112
1.28969,-2.13130,-1.57784,-1.79400,-2.23631,1.09158
1.28985,-2.13203,-1.57794,-1.79172,-2.23606,1.09195
1.29002,-2.13275,-1.57804,-1.78946,-2.23581,1.09231
1.29029,-2.13345,-1.57827,-1.78702,-2.23521,1.09332
1.29057,-2.13415,-1.57851,-1.78459,-2.23460,1.09433
1.29075,-2.13485,-1.57860,-1.78238,-2.23432,1.09499
1.29093,-2.13556,-1.57869,-1.78016,-2.23406,1.09566
1.29119,-2.13627,-1.57883,-1.77786,-2.23352,1.09590
1.29145,-2.13699,-1.57897,-1.77557,-2.23300,1.09612
1.29163,-2.13772,-1.57907,-1.77328,-2.23271,1.09682
1.29181,-2.13845,-1.57916,-1.77099,-2.23242,1.09753
1.29199,-2.13919,-1.57925,-1.76867,-2.23212,1.09825
1.29217,-2.13993,-1.57934,-1.76636,-2.23183,1.09897
1.29193,-2.13996,-1.57900,-1.76659,-2.23260,1.10048
1.29170,-2.13998,-1.57867,-1.76681,-2.23336,1.10200
1.29138,-2.14005,-1.57814,-1.76721,-2.23444,1.10253
1.29106,-2.14011,-1.57761,-1.76761,-2.23551,1.10307
1.29073,-2.14018,-1.57715,-1.76788,-2.23656,1.10378
1.29040,-2.14025,-1.57669,-1.76816,-2.23761,1.10448
1.29009,-2.14033,-1.57615,-1.76850,-2.23865,1.10514
1.28979,-2.14041,-1.57562,-1.76883,-2.23967,1.10581
1.28947,-2.14049,-1.57519,-1.76903,-2.24068,1.10667
1.28915,-2.14056,-1.57477,-1.76924,-2.24168,1.10754
1.28884,-2.14061,-1.57422,-1.76973,-2.24275,1.10819
1.28852,-2.14065,-1.57366,-1.77022,-2.24384,1.10883
1.28824,-2.14075,-1.57318,-1.77041,-2.24481,1.10977
1.28795,-2.14085,-1.57270,-1.77060,-2.24578,1.11071
1.28764,-2.14093,-1.57224,-1.77082,-2.24678,1.11176
1.28734,-2.14102,-1.57179,-1.77103,-2.24777,1.11282
1.28702,-2.14110,-1.57129,-1.77131,-2.24883,1.11368
1.28670,-2.14119,-1.57078,-1.77158,-2.24989,1.11456
1.28638,-2.14127,-1.57024,-1.77194,-2.25099,1.11552
1.28606,-2.14134,-1.56970,-1.77231,-2.25208,1.11647
1.28572,-2.14143,-1.56914,-1.77263,-2.25321,1.11716
1.28539,-2.14152,-1.56859,-1.77296,-2.25434,1.11784
1.28511,-2.14161,-1.56835,-1.77286,-2.25511,1.11911
1.28484,-2.14170,-1.56811,-1.77276,-2.25587,1.12038
1.28447,-2.14175,-1.56736,-1.77346,-2.25725,1.12108
1.28410,-2.14181,-1.56661,-1.77415,-2.25862,1.12178
1.28378,-2.14188,-1.56615,-1.77439,-2.25967,1.12274
1.28346,-2.14195,-1.56567,-1.77465,-2.26073,1.12369
1.28316,-2.14206,-1.56514,-1.77489,-2.26175,1.12456
1.28286,-2.14217,-1.56462,-1.77514,-2.26278,1.12541
1.28254,-2.14222,-1.56414,-1.77544,-2.26386,1.12640
1.28221,-2.14228,-1.56368,-1.77575,-2.26492,1.12737
1.28190,-2.14243,-1.56322,-1.77576,-2.26591,1.12828
1.28159,-2.14258,-1.56275,-1.77578,-2.26690,1.12919
1.28125,-2.14261,-1.56214,-1.77634,-2.26811,1.12999
1.28091,-2.14265,-1.56153,-1.77691,-2.26933,1.13080
1.28059,-2.14278,-1.56106,-1.77698,-2.27036,1.13161
1.28027,-2.14292,-1.56059,-1.77706,-2.27139,1.13244
1.27993,-2.14302,-1.56005,-1.77732,-2.27252,1.13344
1.27959,-2.14312,-1.55951,-1.77760,-2.27367,1.13443
1.27926,-2.14322,-1.55897,-1.77787,-2.27477,1.13525
1.27894,-2.14333,-1.55843,-1.77813,-2.27589,1.13607
1.27859,-2.14338,-1.55779,-1.77868,-2.27713,1.13691
1.27824,-2.14343,-1.55715,-1.77923,-2.27838,1.13776
1.27798,-2.14362,-1.55678,-1.77901,-2.27917,1.13804
1.27771,-2.14381,-1.55640,-1.77880,-2.27996,1.13831
1.27738,-2.14392,-1.55584,-1.77907,-2.28111,1.13916
1.27704,-2.14403,-1.55527,-1.77934,-2.28226,1.14000
1.27675,-2.14408,-1.55479,-1.77963,-2.28329,1.14094
1.27646,-2.14413,-1.55431,-1.77990,-2.28433,1.14189
1.27611,-2.14425,-1.55364,-1.78036,-2.28558,1.14244
1.27576,-2.14436,-1.55296,-1.78081,-2.28683,1.14300
1.27587,-2.14468,-1.55325,-1.77920,-2.28623,1.14484
1.27598,-2.14500,-1.55353,-1.77756,-2.28562,1.14669
1.27615,-2.14533,-1.55384,-1.77593,-2.28484,1.14821
1.27632,-2.14566,-1.55416,-1.77430,-2.28404,1.14973
1.27653,-2.14591,-1.55458,-1.77274,-2.28311,1.15106
1.27675,-2.14615,-1.55499,-1.77120,-2.28217,1.15237
1.27691,-2.14642,-1.55538,-1.76965,-2.28136,1.15327
1.27706,-2.14668,-1.55577,-1.76812,-2.28056,1.15416
1.27723,-2.14698,-1.55607,-1.76659,-2.27981,1.15567
1.27740,-2.14729,-1.55636,-1.76505,-2.27906,1.15718
1.27758,-2.14755,-1.55667,-1.76361,-2.27825,1.15848
1.27777,-2.14782,-1.55698,-1.76219,-2.27743,1.15977
1.27790,-2.14812,-1.55727,-1.76069,-2.27678,1.16078
1.27803,-2.14842,-1.55754,-1.75919,-2.27613,1.16179
1.27822,-2.14868,-1.55793,-1.75767,-2.27528,1.16293
1.27841,-2.14892,-1.55832,-1.75618,-2.27443,1.16405
1.27853,-2.14927,-1.55851,-1.75473,-2.27384,1.16508
1.27864,-2.14961,-1.55868,-1.75328,-2.27326,1.16612
1.27853,-2.14980,-1.55848,-1.75283,-2.27356,1.16666
1.27843,-2.14999,-1.55827,-1.75239,-2.27385,1.16720
1.27832,-2.15018,-1.55807,-1.75195,-2.27415,1.16774
1.27822,-2.15036,-1.55786,-1.75152,-2.27444,1.16827
1.27812,-2.15055,-1.55766,-1.75107,-2.27473,1.16880
1.27802,-2.15073,-1.55747,-1.75062,-2.27501,1.16935
1.27813,-2.15101,-1.55768,-1.74933,-2.27446,1.16996
1.27824,-2.15129,-1.55789,-1.74805,-2.27392,1.17055
1.27846,-2.15176,-1.55808,-1.74628,-2.27301,1.17154
1.27868,-2.15223,-1.55828,-1.74453,-2.27209,1.17253
1.27872,-2.15234,-1.55846,-1.74369,-2.27184,1.17288
1.27877,-2.15244,-1.55865,-1.74288,-2.27159,1.17322
1.27891,-2.15273,-1.55898,-1.74135,-2.27089,1.17387
1.27905,-2.15301,-1.55932,-1.73984,-2.27019,1.17451
1.27916,-2.15333,-1.55944,-1.73857,-2.26968,1.17517
1.27928,-2.15364,-1.55956,-1.73729,-2.26915,1.17583
1.27919,-2.15391,-1.55936,-1.73659,-2.26941,1.17662
1.27909,-2.15417,-1.55915,-1.73589,-2.26967,1.17740
1.27900,-2.15442,-1.55896,-1.73522,-2.26992,1.17815
1.27891,-2.15467,-1.55876,-1.73455,-2.27016,1.17891
1.27882,-2.15492,-1.55857,-1.73387,-2.27039,1.17969
1.27873,-2.15518,-1.55838,-1.73316,-2.27061,1.18049
1.27865,-2.15543,-1.55820,-1.73247,-2.27082,1.18122
1.27857,-2.15568,-1.55801,-1.73180,-2.27103,1.18195
1.27847,-2.15594,-1.55772,-1.73124,-2.27135,1.18278
1.27837,-2.15622,-1.55743,-1.73066,-2.27166,1.18363
1.27827,-2.15646,-1.55727,-1.72992,-2.27189,1.18437
1.27818,-2.15671,-1.55712,-1.72917,-2.27211,1.18512
1.27808,-2.15696,-1.55691,-1.72854,-2.27239,1.18582
1.27798,-2.15720,-1.55669,-1.72792,-2.27267,1.18652
1.27822,-2.15739,-1.55695,-1.72727,-2.27234,1.18701
1.27845,-2.15758,-1.55722,-1.72663,-2.27202,1.18749
1.27921,-2.15797,-1.55839,-1.72414,-2.26974,1.18818
1.27997,-2.15837,-1.55955,-1.72164,-2.26745,1.18886
1.28017,-2.15856,-1.55975,-1.72106,-2.26726,1.18953
1.28036,-2.15875,-1.55995,-1.72050,-2.26707,1.19019
1.28113,-2.15933,-1.56097,-1.71781,-2.26469,1.19048
1.28191,-2.15990,-1.56198,-1.71512,-2.26228,1.19076
1.28265,-2.16033,-1.56298,-1.71281,-2.26012,1.19123
1.28340,-2.16076,-1.56397,-1.71051,-2.25795,1.19170
1.28418,-2.16114,-1.56509,-1.70821,-2.25558,1.19145
1.28497,-2.16152,-1.56619,-1.70592,-2.25321,1.19122
1.28570,-2.16187,-1.56731,-1.70362,-2.25107,1.19158
1.28642,-2.16222,-1.56842,-1.70133,-2.24894,1.19193
1.28711,-2.16275,-1.56913,-1.69920,-2.24698,1.19251
1.28780,-2.16328,-1.56983,-1.69710,-2.24505,1.19308
1.28850,-2.16377,-1.57063,-1.69496,-2.24305,1.19360
1.28921,-2.16426,-1.57143,-1.69285,-2.24105,1.19411
1.28991,-2.16454,-1.57244,-1.69085,-2.23911,1.19436
1.29062,-2.16483,-1.57344,-1.68885,-2.23715,1.19461
1.29132,-2.16538,-1.57428,-1.68653,-2.23504,1.19456
1.29202,-2.16593,-1.57512,-1.68420,-2.23294,1.19452
1.29279,-2.16642,-1.57612,-1.68181,-2.23066,1.19502
1.29355,-2.16692,-1.57711,-1.67943,-2.22838,1.19552
1.29401,-2.16727,-1.57756,-1.67811,-2.22729,1.19555
1.29447,-2.16763,-1.57801,-1.67681,-2.22619,1.19556
1.29477,-2.16781,-1.57842,-1.67595,-2.22566,1.19568
1.29507,-2.16799,-1.57883,-1.67506,-2.22513,1.19581
1.29572,-2.16854,-1.57943,-1.67311,-2.22333,1.19594
1.29637,-2.16909,-1.58002,-1.67117,-2.22155,1.19607
1.29684,-2.16946,-1.58052,-1.66973,-2.22039,1.19592
1.29731,-2.16984,-1.58102,-1.66828,-2.21923,1.19576
1.29770,-2.16998,-1.58151,-1.66740,-2.21847,1.19557
1.29808,-2.17012,-1.58200,-1.66653,-2.21772,1.19537
1.29871,-2.17074,-1.58262,-1.66437,-2.21590,1.19509
1.29934,-2.17137,-1.58323,-1.66220,-2.21408,1.19481
1.29984,-2.17154,-1.58386,-1.66107,-2.21292,1.19481
1.30033,-2.17172,-1.58448,-1.65994,-2.21175,1.19480
1.30075,-2.17217,-1.58483,-1.65855,-2.21074,1.19464
1.30117,-2.17263,-1.58519,-1.65717,-2.20974,1.19447
1.30176,-2.17308,-1.58584,-1.65537,-2.20812,1.19381
1.30236,-2.17353,-1.58650,-1.65357,-2.20649,1.19316
1.30280,-2.17387,-1.58692,-1.65229,-2.20548,1.19325
1.30324,-2.17421,-1.58734,-1.65101,-2.20447,1.19334
1.30371,-2.17473,-1.58765,-1.64955,-2.20332,1.19328
1.30418,-2.17525,-1.58796,-1.64808,-2.20217,1.19321
1.30472,-2.17555,-1.58862,-1.64658,-2.20081,1.19272
1.30525,-2.17584,-1.58928,-1.64509,-2.19945,1.19221
1.30577,-2.17627,-1.58977,-1.64357,-2.19816,1.19191
1.30628,-2.17668,-1.59025,-1.64208,-2.19688,1.19161
1.30683,-2.17712,-1.59085,-1.64038,-2.19540,1.19135
1.30737,-2.17756,-1.59144,-1.63867,-2.19393,1.19109
1.30789,-2.17800,-1.59188,-1.63718,-2.19263,1.19078
1.30840,-2.17845,-1.59230,-1.63570,-2.19135,1.19047
1.30892,-2.17892,-1.59275,-1.63412,-2.19001,1.19021
1.30945,-2.17939,-1.59320,-1.63254,-2.18866,1.18994
1.30997,-2.17986,-1.59364,-1.63093,-2.18731,1.18965
1.31049,-2.18034,-1.59408,-1.62934,-2.18596,1.18936
1.31101,-2.18084,-1.59446,-1.62781,-2.18463,1.18916
1.31153,-2.18134,-1.59484,-1.62629,-2.18331,1.18897
1.31206,-2.18183,-1.59527,-1.62467,-2.18194,1.18871
1.31259,-2.18232,-1.59570,-1.62306,-2.18057,1.18845
1.31313,-2.18280,-1.59616,-1.62145,-2.17917,1.18816
1.31367,-2.18328,-1.59661,-1.61983,-2.17777,1.18788
1.31421,-2.18385,-1.59697,-1.61813,-2.17636,1.18783
1.31476,-2.18441,-1.59734,-1.61643,-2.17494,1.18778
1.31530,-2.18491,-1.59775,-1.61482,-2.17358,1.18767
1.31584,-2.18542,-1.59817,-1.61318,-2.17218,1.18758
1.31635,-2.18593,-1.59855,-1.61161,-2.17091,1.18750
1.31686,-2.18643,-1.59892,-1.61003,-2.16963,1.18741
1.31736,-2.18701,-1.59920,-1.60844,-2.16840,1.18744
1.31786,-2.18758,-1.59948,-1.60684,-2.16715,1.18747
1.31834,-2.18804,-1.59982,-1.60545,-2.16601,1.18732
1.31881,-2.18850,-1.60015,-1.60408,-2.16488,1.18716
1.31942,-2.18890,-1.60080,-1.60235,-2.16323,1.18602
1.32005,-2.18931,-1.60144,-1.60063,-2.16157,1.18488
1.32051,-2.18984,-1.60169,-1.59922,-2.16048,1.18556
1.32098,-2.19037,-1.60193,-1.59783,-2.15937,1.18624
1.32151,-2.19087,-1.60231,-1.59626,-2.15801,1.18590
1.32205,-2.19137,-1.60270,-1.59472,-2.15664,1.18555
1.32255,-2.19187,-1.60303,-1.59324,-2.15539,1.18539
1.32305,-2.19236,-1.60336,-1.59178,-2.15415,1.18522
1.32358,-2.19286,-1.60372,-1.59028,-2.15284,1.18496
1.32410,-2.19336,-1.60408,-1.58876,-2.15152,1.18471
1.32456,-2.19393,-1.60417,-1.58745,-2.15046,1.18393
1.32501,-2.19450,-1.60426,-1.58612,-2.14940,1.18317
1.32558,-2.19500,-1.60462,-1.58461,-2.14799,1.18284
1.32614,-2.19551,-1.60497,-1.58309,-2.14659,1.18251
1.32664,-2.19601,-1.60532,-1.58159,-2.14530,1.18216
1.32715,-2.19651,-1.60567,-1.58011,-2.14401,1.18180
1.32773,-2.19702,-1.60617,-1.57840,-2.14246,1.18193
1.32831,-2.19753,-1.60666,-1.57670,-2.14091,1.18206
1.32884,-2.19808,-1.60696,-1.57515,-2.13955,1.18170
1.32937,-2.19862,-1.60726,-1.57360,-2.13821,1.18133
1.32991,-2.19919,-1.60761,-1.57194,-2.13678,1.18091
1.33045,-2.19975,-1.60796,-1.57027,-2.13535,1.18048
1.33101,-2.20030,-1.60832,-1.56864,-2.13386,1.17983
1.33158,-2.20085,-1.60866,-1.56701,-2.13237,1.17918
1.33207,-2.20134,-1.60889,-1.56570,-2.13122,1.17848
1.33256,-2.20183,-1.60910,-1.56442,-2.13009,1.17777
1.33320,-2.20260,-1.60943,-1.56214,-2.12830,1.17695
1.33384,-2.20336,-1.60975,-1.55988,-2.12651,1.17612
1.33444,-2.20406,-1.61007,-1.55777,-2.12483,1.17488
1.33503,-2.20476,-1.61038,-1.55568,-2.12316,1.17363
1.33562,-2.20550,-1.61071,-1.55351,-2.12150,1.17331
1.33622,-2.20625,-1.61104,-1.55134,-2.11984,1.17299
1.33688,-2.20713,-1.61122,-1.54898,-2.11798,1.17098
1.33754,-2.20800,-1.61140,-1.54664,-2.11613,1.16896
1.33818,-2.20886,-1.61168,-1.54421,-2.11433,1.16940
1.33882,-2.20972,-1.61196,-1.54180,-2.11253,1.16985
1.33939,-2.21045,-1.61218,-1.53975,-2.11098,1.16867
1.33996,-2.21119,-1.61241,-1.53771,-2.10944,1.16748
1.34053,-2.21202,-1.61258,-1.53543,-2.10782,1.16595
1.34110,-2.21287,-1.61274,-1.53315,-2.10620,1.16441
1.34154,-2.21353,-1.61280,-1.53155,-2.10515,1.16422
1.34198,-2.21419,-1.61286,-1.52998,-2.10411,1.16403
1.34242,-2.21502,-1.61276,-1.52826,-2.10306,1.16432
1.34286,-2.21586,-1.61265,-1.52653,-2.10201,1.16463
1.34339,-2.21665,-1.61274,-1.52457,-2.10061,1.16421
1.34393,-2.21743,-1.61283,-1.52262,-2.09921,1.16379
1.34457,-2.21812,-1.61305,-1.52068,-2.09760,1.16340
1.34520,-2.21881,-1.61326,-1.51874,-2.09600,1.16301
1.34563,-2.21963,-1.61322,-1.51679,-2.09490,1.16182
1.34606,-2.22045,-1.61317,-1.51485,-2.09379,1.16062
1.34660,-2.22129,-1.61323,-1.51283,-2.09235,1.16020
1.34714,-2.22212,-1.61327,-1.51083,-2.09093,1.15977
1.34780,-2.22304,-1.61336,-1.50853,-2.08910,1.15938
1.34847,-2.22395,-1.61346,-1.50624,-2.08727,1.15899
1.34903,-2.22477,-1.61353,-1.50420,-2.08580,1.15824
1.34957,-2.22559,-1.61359,-1.50217,-2.08435,1.15751
1.35000,-2.22626,-1.61363,-1.50057,-2.08332,1.15657
1.35042,-2.22692,-1.61366,-1.49897,-2.08231,1.15563
1.35092,-2.22776,-1.61369,-1.49696,-2.08095,1.15486
1.35142,-2.22860,-1.61372,-1.49494,-2.07959,1.15410
1.35213,-2.22947,-1.61384,-1.49278,-2.07766,1.15411
1.35284,-2.23034,-1.61394,-1.49063,-2.07574,1.15411
1.35357,-2.23115,-1.61423,-1.48833,-2.07371,1.15355
1.35429,-2.23197,-1.61450,-1.48602,-2.07168,1.15300
1.35485,-2.23278,-1.61457,-1.48404,-2.07023,1.15221
1.35540,-2.23360,-1.61462,-1.48206,-2.06879,1.15142
1.35602,-2.23447,-1.61468,-1.47991,-2.06712,1.15071
1.35663,-2.23534,-1.61473,-1.47778,-2.06545,1.14999
1.35724,-2.23622,-1.61477,-1.47561,-2.06376,1.14924
1.35786,-2.23710,-1.61482,-1.47347,-2.06207,1.14848
1.35845,-2.23804,-1.61474,-1.47136,-2.06044,1.14757
1.35903,-2.23898,-1.61465,-1.46925,-2.05883,1.14666
1.35967,-2.23979,-1.61479,-1.46711,-2.05709,1.14598
1.36032,-2.24061,-1.61494,-1.46497,-2.05536,1.14531
1.36085,-2.24156,-1.61478,-1.46296,-2.05391,1.14435
1.36139,-2.24250,-1.61462,-1.46094,-2.05246,1.14340
1.36200,-2.24340,-1.61460,-1.45883,-2.05081,1.14262
1.36260,-2.24430,-1.61458,-1.45672,-2.04917,1.14185
1.36321,-2.24520,-1.61455,-1.45461,-2.04751,1.14110
1.36382,-2.24611,-1.61453,-1.45251,-2.04585,1.14033
1.36443,-2.24702,-1.61448,-1.45039,-2.04421,1.13955
1.36504,-2.24795,-1.61444,-1.44826,-2.04257,1.13877
1.36580,-2.24894,-1.61453,-1.44571,-2.04039,1.13773
1.36656,-2.24993,-1.61462,-1.44316,-2.03820,1.13669
1.36711,-2.25087,-1.61448,-1.44113,-2.03670,1.13556
1.36766,-2.25181,-1.61435,-1.43910,-2.03519,1.13442
1.36816,-2.25265,-1.61415,-1.43741,-2.03400,1.13424
1.36865,-2.25349,-1.61395,-1.43571,-2.03281,1.13406
1.36927,-2.25440,-1.61387,-1.43368,-2.03117,1.13325
1.36988,-2.25531,-1.61377,-1.43165,-2.02954,1.13244
1.37062,-2.25627,-1.61390,-1.42913,-2.02747,1.13096
1.37135,-2.25722,-1.61402,-1.42662,-2.02539,1.12948
1.37180,-2.25803,-1.61376,-1.42509,-2.02434,1.12884
1.37225,-2.25883,-1.61350,-1.42357,-2.02329,1.12820
1.37283,-2.25978,-1.61344,-1.42132,-2.02164,1.12593
1.37340,-2.26073,-1.61337,-1.41907,-2.02000,1.12365
1.37400,-2.26172,-1.61321,-1.41696,-2.01831,1.12261
1.37461,-2.26271,-1.61305,-1.41485,-2.01662,1.12155
1.37539,-2.26359,-1.61309,-1.41263,-2.01454,1.12027
1.37618,-2.26445,-1.61313,-1.41042,-2.01246,1.11897
1.37679,-2.26538,-1.61302,-1.40833,-2.01081,1.11742
1.37739,-2.26632,-1.61289,-1.40624,-2.00917,1.11588
1.37808,-2.26743,-1.61276,-1.40375,-2.00714,1.11453
1.37877,-2.26855,-1.61263,-1.40127,-2.00511,1.11318
1.37936,-2.26945,-1.61249,-1.39925,-2.00351,1.11164
1.37994,-2.27034,-1.61235,-1.39724,-2.00193,1.11009
1.38041,-2.27116,-1.61208,-1.39554,-2.00082,1.10855
1.38087,-2.27198,-1.61181,-1.39383,-1.99971,1.10701
1.38199,-2.27307,-1.61204,-1.39070,-1.99638,1.10449
1.38310,-2.27418,-1.61225,-1.38757,-1.99306,1.10196
1.38355,-2.27512,-1.61191,-1.38575,-1.99194,1.10111
1.38400,-2.27606,-1.61156,-1.38394,-1.99081,1.10026
1.38453,-2.27709,-1.61120,-1.38192,-1.98934,1.09917
1.38505,-2.27812,-1.61083,-1.37990,-1.98786,1.09808
1.38572,-2.27915,-1.61058,-1.37765,-1.98598,1.09656
1.38638,-2.28020,-1.61032,-1.37538,-1.98411,1.09505
1.38683,-2.28112,-1.61003,-1.37343,-1.98288,1.09321
1.38728,-2.28206,-1.60972,-1.37145,-1.98165,1.09139
1.38772,-2.28289,-1.60948,-1.36976,-1.98059,1.09017
1.38814,-2.28372,-1.60923,-1.36807,-1.97954,1.08895
1.38875,-2.28462,-1.60905,-1.36613,-1.97788,1.08771
1.38936,-2.28552,-1.60885,-1.36419,-1.97623,1.08648
1.38951,-2.28646,-1.60823,-1.36253,-1.97588,1.08402
1.38967,-2.28738,-1.60761,-1.36087,-1.97553,1.08155
1.39001,-2.28808,-1.60738,-1.35949,-1.97475,1.08026
1.39036,-2.28878,-1.60714,-1.35810,-1.97397,1.07897
1.39042,-2.28913,-1.60691,-1.35741,-1.97387,1.07605
1.39048,-2.28947,-1.60668,-1.35674,-1.97377,1.07312
1.39068,-2.28989,-1.60654,-1.35576,-1.97331,1.07128
1.39086,-2.29031,-1.60641,-1.35478,-1.97287,1.06944
1.39128,-2.29087,-1.60629,-1.35372,-1.97173,1.06884
1.39171,-2.29145,-1.60617,-1.35263,-1.97059,1.06826
1.39198,-2.29197,-1.60597,-1.35162,-1.96989,1.06682
1.39225,-2.29249,-1.60577,-1.35060,-1.96919,1.06538
1.39217,-2.29249,-1.60572,-1.35068,-1.96965,1.06307
1.39209,-2.29250,-1.60567,-1.35077,-1.97012,1.06076
1.39249,-2.29323,-1.60539,-1.34927,-1.96916,1.05988
1.39289,-2.29397,-1.60511,-1.34778,-1.96821,1.05899
1.39293,-2.29450,-1.60464,-1.34715,-1.96822,1.05792
1.39298,-2.29503,-1.60417,-1.34652,-1.96823,1.05684
1.39331,-2.29533,-1.60425,-1.34571,-1.96740,1.05463
1.39363,-2.29565,-1.60432,-1.34490,-1.96658,1.05243
1.39401,-2.29624,-1.60415,-1.34374,-1.96563,1.05212
1.39439,-2.29684,-1.60396,-1.34259,-1.96470,1.05184
1.39455,-2.29745,-1.60356,-1.34166,-1.96423,1.05015
1.39470,-2.29806,-1.60315,-1.34073,-1.96379,1.04847
1.39503,-2.29855,-1.60303,-1.33968,-1.96297,1.04775
1.39536,-2.29905,-1.60291,-1.33862,-1.96218,1.04703
1.39536,-2.29942,-1.60257,-1.33817,-1.96235,1.04522
1.39537,-2.29979,-1.60222,-1.33774,-1.96254,1.04341
1.39569,-2.30052,-1.60183,-1.33642,-1.96176,1.04252
1.39601,-2.30126,-1.60143,-1.33509,-1.96097,1.04163
1.39645,-2.30189,-1.60132,-1.33377,-1.95965,1.04105
1.39688,-2.30253,-1.60119,-1.33244,-1.95834,1.04047
1.39706,-2.30302,-1.60093,-1.33157,-1.95803,1.03994
1.39724,-2.30351,-1.60067,-1.33068,-1.95771,1.03940
1.39730,-2.30386,-1.60040,-1.33018,-1.95773,1.03785
1.39735,-2.30420,-1.60013,-1.32969,-1.95777,1.03629
1.39774,-2.30476,-1.59996,-1.32860,-1.95673,1.03529
1.39812,-2.30533,-1.59978,-1.32750,-1.95570,1.03430
1.39846,-2.30613,-1.59939,-1.32608,-1.95485,1.03337
1.39879,-2.30692,-1.59899,-1.32467,-1.95402,1.03245
1.39889,-2.30725,-1.59872,-1.32422,-1.95385,1.03088
1.39899,-2.30759,-1.59844,-1.32378,-1.95368,1.02933
1.39921,-2.30814,-1.59818,-1.32278,-1.95321,1.02810
1.39943,-2.30870,-1.59793,-1.32176,-1.95273,1.02687
1.39972,-2.30934,-1.59757,-1.32072,-1.95200,1.02543
1.40001,-2.31000,-1.59720,-1.31968,-1.95128,1.02398
1.40024,-2.31038,-1.59709,-1.31893,-1.95079,1.02333
1.40047,-2.31076,-1.59698,-1.31817,-1.95031,1.02269
1.40069,-2.31113,-1.59682,-1.31756,-1.94983,1.02103
1.40090,-2.31148,-1.59668,-1.31696,-1.94937,1.01937
1.40121,-2.31226,-1.59626,-1.31561,-1.94850,1.01866
1.40153,-2.31304,-1.59584,-1.31426,-1.94762,1.01795
1.40175,-2.31345,-1.59564,-1.31353,-1.94717,1.01635
1.40196,-2.31386,-1.59543,-1.31279,-1.94673,1.01475
1.40219,-2.31434,-1.59521,-1.31197,-1.94610,1.01425
1.40241,-2.31482,-1.59498,-1.31114,-1.94545,1.01376
1.40266,-2.31526,-1.59478,-1.31031,-1.94489,1.01225
1.40290,-2.31570,-1.59459,-1.30948,-1.94433,1.01077
1.40304,-2.31621,-1.59418,-1.30869,-1.94411,1.01028
1.40316,-2.31672,-1.59377,-1.30789,-1.94389,1.00980
1.40339,-2.31717,-1.59356,-1.30709,-1.94329,1.00927
1.40362,-2.31763,-1.59333,-1.30627,-1.94269,1.00876
1.40386,-2.31804,-1.59316,-1.30548,-1.94205,1.00772
1.40410,-2.31846,-1.59299,-1.30471,-1.94142,1.00668
1.40410,-2.31910,-1.59246,-1.30366,-1.94146,1.00615
1.40410,-2.31974,-1.59195,-1.30262,-1.94150,1.00562
1.40435,-2.32048,-1.59148,-1.30132,-1.94088,1.00485
1.40460,-2.32122,-1.59100,-1.30002,-1.94027,1.00407
1.40474,-2.32143,-1.59090,-1.29972,-1.93994,1.00342
1.40486,-2.32164,-1.59080,-1.29942,-1.93962,1.00277
1.40521,-2.32193,-1.59079,-1.29876,-1.93877,1.00139
1.40555,-2.32221,-1.59077,-1.29811,-1.93794,1.00000
1.40563,-2.32319,-1.59000,-1.29660,-1.93774,0.99961
1.40571,-2.32416,-1.58923,-1.29510,-1.93754,0.99923
1.40638,-2.32523,-1.58877,-1.29315,-1.93580,0.99731
1.40705,-2.32630,-1.58830,-1.29121,-1.93408,0.99540
1.40721,-2.32666,-1.58810,-1.29063,-1.93369,0.99431
1.40737,-2.32702,-1.58790,-1.29005,-1.93331,0.99322
1.40764,-2.32782,-1.58736,-1.28867,-1.93270,0.99215
1.40792,-2.32863,-1.58682,-1.28728,-1.93208,0.99110
1.40838,-2.32916,-1.58667,-1.28622,-1.93087,0.98990
1.40884,-2.32970,-1.58651,-1.28517,-1.92965,0.98871
1.40918,-2.33027,-1.58624,-1.28414,-1.92877,0.98770
1.40951,-2.33084,-1.58597,-1.28313,-1.92791,0.98671
1.40995,-2.33146,-1.58572,-1.28201,-1.92678,0.98515
1.41040,-2.33207,-1.58547,-1.28088,-1.92566,0.98360
1.41087,-2.33272,-1.58523,-1.27966,-1.92436,0.98292
1.41135,-2.33338,-1.58498,-1.27844,-1.92308,0.98225
1.41156,-2.33380,-1.58473,-1.27769,-1.92257,0.98145
1.41177,-2.33422,-1.58449,-1.27695,-1.92206,0.98063
1.41220,-2.33488,-1.58419,-1.27580,-1.92097,0.97902
1.41263,-2.33553,-1.58388,-1.27465,-1.91987,0.97740
1.41293,-2.33633,-1.58339,-1.27323,-1.91910,0.97670
1.41323,-2.33711,-1.58289,-1.27183,-1.91833,0.97600
1.41352,-2.33789,-1.58237,-1.27053,-1.91761,0.97466
1.41381,-2.33866,-1.58186,-1.26924,-1.91689,0.97332
1.41411,-2.33940,-1.58139,-1.26801,-1.91612,0.97238
1.41439,-2.34015,-1.58090,-1.26678,-1.91538,0.97144
1.41482,-2.34098,-1.58043,-1.26531,-1.91425,0.97085
1.41525,-2.34181,-1.57996,-1.26384,-1.91314,0.97026
1.41550,-2.34251,-1.57947,-1.26266,-1.91256,0.96927
1.41576,-2.34321,-1.57898,-1.26148,-1.91196,0.96829
1.41620,-2.34414,-1.57842,-1.25994,-1.91083,0.96667
1.41664,-2.34507,-1.57786,-1.25841,-1.90969,0.96504
1.41782,-2.34653,-1.57733,-1.25581,-1.90651,0.96295
1.41900,-2.34799,-1.57680,-1.25324,-1.90334,0.96086
1.42052,-2.34872,-1.57714,-1.25166,-1.89921,0.95748
1.42204,-2.34946,-1.57746,-1.25008,-1.89509,0.95410
1.42251,-2.35015,-1.57712,-1.24889,-1.89388,0.95257
1.42298,-2.35084,-1.57677,-1.24771,-1.89267,0.95104
1.42340,-2.35090,-1.57700,-1.24749,-1.89149,0.94995
1.42382,-2.35095,-1.57723,-1.24729,-1.89034,0.94886
1.42443,-2.35138,-1.57721,-1.24639,-1.88871,0.94751
1.42505,-2.35181,-1.57720,-1.24548,-1.88708,0.94615
1.42522,-2.35217,-1.57698,-1.24492,-1.88667,0.94537
1.42539,-2.35252,-1.57676,-1.24435,-1.88624,0.94458
1.42596,-2.35329,-1.57639,-1.24305,-1.88478,0.94342
1.42651,-2.35405,-1.57602,-1.24176,-1.88332,0.94225
1.42673,-2.35407,-1.57614,-1.24167,-1.88274,0.94130
1.42695,-2.35410,-1.57626,-1.24159,-1.88216,0.94034
1.42719,-2.35483,-1.57569,-1.24041,-1.88160,0.93997
1.42741,-2.35557,-1.57511,-1.23924,-1.88105,0.93959
1.42774,-2.35589,-1.57501,-1.23864,-1.88017,0.93906
1.42806,-2.35621,-1.57491,-1.23806,-1.87931,0.93852
1.42798,-2.35608,-1.57498,-1.23832,-1.87957,0.93757
1.42791,-2.35593,-1.57505,-1.23861,-1.87983,0.93661
1.42797,-2.35626,-1.57476,-1.23815,-1.87976,0.93576
1.42803,-2.35659,-1.57447,-1.23770,-1.87968,0.93490
1.43040,-2.35855,-1.57406,-1.23398,-1.87341,0.93080
1.43278,-2.36051,-1.57360,-1.23027,-1.86716,0.92671
1.43298,-2.36047,-1.57377,-1.23026,-1.86661,0.92602
1.43319,-2.36044,-1.57394,-1.23025,-1.86606,0.92535
1.43388,-2.36116,-1.57364,-1.22899,-1.86425,0.92391
1.43458,-2.36187,-1.57335,-1.22773,-1.86244,0.92247
1.43521,-2.36285,-1.57277,-1.22619,-1.86085,0.92029
1.43585,-2.36384,-1.57218,-1.22465,-1.85924,0.91812
1.43629,-2.36413,-1.57216,-1.22411,-1.85806,0.91714
1.43673,-2.36442,-1.57215,-1.22357,-1.85687,0.91616
1.43721,-2.36556,-1.57131,-1.22188,-1.85563,0.91487
1.43769,-2.36670,-1.57047,-1.22020,-1.85439,0.91357
1.43843,-2.36758,-1.57002,-1.21873,-1.85248,0.91197
1.43916,-2.36845,-1.56956,-1.21725,-1.85058,0.91037
1.44051,-2.36806,-1.57073,-1.21738,-1.84687,0.90797
1.44186,-2.36768,-1.57189,-1.21750,-1.84318,0.90557
1.44217,-2.36806,-1.57169,-1.21687,-1.84239,0.90477
1.44248,-2.36844,-1.57148,-1.21626,-1.84161,0.90398
1.44278,-2.36953,-1.57057,-1.21464,-1.84087,0.90338
1.44310,-2.37062,-1.56965,-1.21302,-1.84013,0.90278
1.44340,-2.37128,-1.56915,-1.21198,-1.83937,0.90214
1.44371,-2.37195,-1.56866,-1.21095,-1.83859,0.90151
1.44373,-2.37244,-1.56816,-1.21029,-1.83862,0.90061
1.44375,-2.37295,-1.56765,-1.20963,-1.83867,0.89972
1.44377,-2.37324,-1.56737,-1.20921,-1.83865,0.89947
1.44379,-2.37353,-1.56709,-1.20880,-1.83865,0.89920
1.44459,-2.37364,-1.56742,-1.20831,-1.83647,0.89849
1.44539,-2.37375,-1.56776,-1.20783,-1.83430,0.89779
1.44592,-2.37416,-1.56763,-1.20706,-1.83292,0.89658
1.44644,-2.37457,-1.56751,-1.20631,-1.83154,0.89539
1.44684,-2.37483,-1.56747,-1.20585,-1.83052,0.89395
1.44724,-2.37507,-1.56743,-1.20540,-1.82951,0.89250
1.44757,-2.37532,-1.56736,-1.20500,-1.82868,0.89095
1.44790,-2.37555,-1.56729,-1.20461,-1.82785,0.88940
1.44848,-2.37644,-1.56671,-1.20317,-1.82634,0.88843
1.44906,-2.37733,-1.56613,-1.20174,-1.82483,0.88746
1.44960,-2.37771,-1.56604,-1.20106,-1.82341,0.88629
1.45014,-2.37809,-1.56595,-1.20038,-1.82198,0.88513
1.45115,-2.37908,-1.56549,-1.19875,-1.81933,0.88229
1.45216,-2.38006,-1.56503,-1.19712,-1.81669,0.87945
1.45261,-2.38067,-1.56465,-1.19617,-1.81552,0.87804
1.45307,-2.38128,-1.56428,-1.19522,-1.81434,0.87662
1.45381,-2.38224,-1.56369,-1.19378,-1.81236,0.87486
1.45455,-2.38320,-1.56309,-1.19236,-1.81041,0.87308
1.45455,-2.38454,-1.56176,-1.19067,-1.81041,0.87217
1.45455,-2.38588,-1.56044,-1.18897,-1.81042,0.87126
1.45525,-2.38619,-1.56046,-1.18825,-1.80859,0.86994
1.45596,-2.38651,-1.56048,-1.18752,-1.80677,0.86865
1.45637,-2.38700,-1.56017,-1.18669,-1.80574,0.86745
1.45679,-2.38749,-1.55986,-1.18585,-1.80470,0.86625
1.45719,-2.38814,-1.55939,-1.18485,-1.80366,0.86538
1.45759,-2.38879,-1.55892,-1.18385,-1.80261,0.86453
1.45805,-2.38929,-1.55862,-1.18308,-1.80150,0.86286
1.45850,-2.38979,-1.55830,-1.18232,-1.80040,0.86120
1.45911,-2.39059,-1.55780,-1.18108,-1.79878,0.85970
1.45972,-2.39138,-1.55729,-1.17984,-1.79717,0.85820
1.46030,-2.39232,-1.55659,-1.17831,-1.79563,0.85816
1.46088,-2.39327,-1.55587,-1.17678,-1.79410,0.85812
1.46132,-2.39398,-1.55528,-1.17582,-1.79299,0.85709
1.46176,-2.39470,-1.55469,-1.17486,-1.79188,0.85606
1.46230,-2.39505,-1.55460,-1.17423,-1.79059,0.85425
1.46283,-2.39540,-1.55451,-1.17360,-1.78930,0.85244
1.46338,-2.39630,-1.55376,-1.17233,-1.78794,0.85101
1.46392,-2.39720,-1.55300,-1.17108,-1.78660,0.84958
1.46427,-2.39742,-1.55296,-1.17070,-1.78578,0.84887
1.46462,-2.39764,-1.55291,-1.17033,-1.78496,0.84816
1.46533,-2.39832,-1.55249,-1.16932,-1.78322,0.84636
1.46604,-2.39901,-1.55206,-1.16831,-1.78150,0.84456
1.46687,-2.39990,-1.55145,-1.16671,-1.77930,0.84281
1.46770,-2.40079,-1.55085,-1.16511,-1.77711,0.84107
1.46774,-2.40129,-1.55031,-1.16489,-1.77712,0.83985
1.46777,-2.40179,-1.54977,-1.16466,-1.77714,0.83864
1.46861,-2.40221,-1.54971,-1.16359,-1.77511,0.83759
1.46944,-2.40264,-1.54964,-1.16253,-1.77308,0.83654
1.46999,-2.40355,-1.54885,-1.16130,-1.77168,0.83526
1.47052,-2.40447,-1.54804,-1.16008,-1.77030,0.83400
1.47083,-2.40475,-1.54790,-1.15981,-1.76960,0.83213
1.47114,-2.40504,-1.54777,-1.15954,-1.76890,0.83026
1.47183,-2.40567,-1.54731,-1.15858,-1.76735,0.82899
1.47252,-2.40630,-1.54685,-1.15763,-1.76579,0.82773
1.47306,-2.40704,-1.54626,-1.15672,-1.76452,0.82541
1.47361,-2.40778,-1.54565,-1.15579,-1.76326,0.82309
1.47397,-2.40834,-1.54511,-1.15513,-1.76240,0.82230
1.47433,-2.40891,-1.54456,-1.15446,-1.76155,0.82153
1.47485,-2.40961,-1.54407,-1.15350,-1.76030,0.81984
1.47536,-2.41032,-1.54356,-1.15253,-1.75904,0.81817
1.47573,-2.41066,-1.54330,-1.15215,-1.75828,0.81754
1.47610,-2.41100,-1.54304,-1.15175,-1.75752,0.81692
1.47678,-2.41187,-1.54235,-1.15052,-1.75589,0.81525
1.47745,-2.41274,-1.54166,-1.14929,-1.75425,0.81357
1.47796,-2.41347,-1.54103,-1.14829,-1.75307,0.81249
1.47847,-2.41420,-1.54040,-1.14728,-1.75188,0.81139
1.47942,-2.41549,-1.53935,-1.14522,-1.74946,0.80973
1.48036,-2.41679,-1.53830,-1.14316,-1.74705,0.80806
1.48077,-2.41693,-1.53827,-1.14304,-1.74619,0.80629
1.48119,-2.41708,-1.53824,-1.14291,-1.74531,0.80452
1.48212,-2.41794,-1.53754,-1.14161,-1.74309,0.80210
1.48305,-2.41880,-1.53684,-1.14031,-1.74088,0.79967
1.48373,-2.41960,-1.53625,-1.13921,-1.73933,0.79824
1.48439,-2.42039,-1.53566,-1.13812,-1.73779,0.79680
1.48471,-2.42109,-1.53489,-1.13741,-1.73710,0.79608
1.48504,-2.42178,-1.53412,-1.13669,-1.73641,0.79535
1.48556,-2.42215,-1.53388,-1.13631,-1.73514,0.79369
1.48608,-2.42250,-1.53366,-1.13593,-1.73389,0.79201
1.48647,-2.42311,-1.53315,-1.13516,-1.73305,0.79159
1.48686,-2.42371,-1.53263,-1.13439,-1.73223,0.79117
1.48727,-2.42406,-1.53234,-1.13405,-1.73132,0.78971
1.48768,-2.42442,-1.53203,-1.13371,-1.73043,0.78826
1.48802,-2.42486,-1.53163,-1.13328,-1.72973,0.78743
1.48834,-2.42530,-1.53121,-1.13285,-1.72905,0.78660
1.48898,-2.42592,-1.53062,-1.13198,-1.72765,0.78559
1.48961,-2.42653,-1.53004,-1.13111,-1.72626,0.78458
1.49009,-2.42715,-1.52951,-1.13049,-1.72507,0.78253
1.49057,-2.42776,-1.52897,-1.12987,-1.72389,0.78048
1.49103,-2.42819,-1.52863,-1.12944,-1.72293,0.77908
1.49149,-2.42861,-1.52829,-1.12900,-1.72198,0.77767
1.49161,-2.42892,-1.52792,-1.12891,-1.72191,0.77769
1.49172,-2.42923,-1.52755,-1.12882,-1.72186,0.77770
1.49273,-2.43045,-1.52654,-1.12682,-1.71932,0.77517
1.49374,-2.43167,-1.52551,-1.12483,-1.71680,0.77263
1.49398,-2.43177,-1.52535,-1.12501,-1.71642,0.77166
1.49422,-2.43188,-1.52519,-1.12518,-1.71605,0.77070
1.49465,-2.43229,-1.52488,-1.12474,-1.71509,0.76980
1.49508,-2.43270,-1.52456,-1.12429,-1.71413,0.76890
1.49559,-2.43341,-1.52389,-1.12347,-1.71298,0.76725
1.49609,-2.43413,-1.52320,-1.12265,-1.71184,0.76561
1.49648,-2.43433,-1.52299,-1.12253,-1.71106,0.76480
1.49687,-2.43452,-1.52279,-1.12242,-1.71027,0.76400
1.49751,-2.43529,-1.52214,-1.12131,-1.70877,0.76309
1.49815,-2.43607,-1.52148,-1.12021,-1.70727,0.76218
1.49875,-2.43662,-1.52100,-1.11945,-1.70594,0.76095
1.49934,-2.43717,-1.52053,-1.11871,-1.70461,0.75973
1.50000,-2.43780,-1.51992,-1.11780,-1.70311,0.75817
1.50065,-2.43843,-1.51932,-1.11691,-1.70161,0.75660
1.50111,-2.43898,-1.51886,-1.11624,-1.70060,0.75595
1.50156,-2.43954,-1.51840,-1.11556,-1.69962,0.75531
1.50230,-2.44064,-1.51733,-1.11405,-1.69771,0.75352
1.50305,-2.44173,-1.51627,-1.11255,-1.69581,0.75171
1.50358,-2.44243,-1.51554,-1.11171,-1.69461,0.75135
1.50412,-2.44312,-1.51481,-1.11088,-1.69342,0.75097
1.50475,-2.44406,-1.51387,-1.10967,-1.69192,0.75021
1.50537,-2.44500,-1.51293,-1.10846,-1.69042,0.74946
1.50601,-2.44593,-1.51206,-1.10720,-1.68891,0.74895
1.50664,-2.44687,-1.51117,-1.10595,-1.68742,0.74845
1.50726,-2.44779,-1.51024,-1.10479,-1.68598,0.74801
1.50788,-2.44871,-1.50930,-1.10363,-1.68454,0.74755
1.50841,-2.44962,-1.50823,-1.10263,-1.68325,0.74687
1.50894,-2.45052,-1.50717,-1.10164,-1.68197,0.74619
1.50954,-2.45148,-1.50618,-1.10046,-1.68054,0.74530
1.51015,-2.45244,-1.50519,-1.09927,-1.67909,0.74441
1.51081,-2.45335,-1.50435,-1.09803,-1.67750,0.74331
1.51147,-2.45426,-1.50350,-1.09677,-1.67592,0.74222
1.51212,-2.45492,-1.50290,-1.09585,-1.67441,0.74040
1.51278,-2.45559,-1.50230,-1.09493,-1.67290,0.73858
1.51352,-2.45681,-1.50096,-1.09338,-1.67097,0.73727
1.51426,-2.45803,-1.49961,-1.09182,-1.66904,0.73596
1.51476,-2.45891,-1.49866,-1.09078,-1.66789,0.73531
1.51526,-2.45979,-1.49772,-1.08975,-1.66674,0.73467
1.51593,-2.46067,-1.49674,-1.08864,-1.66516,0.73347
1.51658,-2.46156,-1.49575,-1.08755,-1.66359,0.73227
1.51728,-2.46263,-1.49469,-1.08615,-1.66187,0.73098
1.51797,-2.46370,-1.49362,-1.08477,-1.66016,0.72969
1.51857,-2.46455,-1.49264,-1.08376,-1.65875,0.72819
1.51916,-2.46539,-1.49165,-1.08274,-1.65735,0.72670
1.51979,-2.46636,-1.49070,-1.08153,-1.65580,0.72525
1.52042,-2.46732,-1.48975,-1.08031,-1.65427,0.72381
1.52101,-2.46816,-1.48880,-1.07930,-1.65294,0.72294
1.52158,-2.46899,-1.48785,-1.07829,-1.65163,0.72209
1.52218,-2.47001,-1.48666,-1.07712,-1.65017,0.72097
1.52277,-2.47103,-1.48546,-1.07596,-1.64871,0.71987
1.52333,-2.47197,-1.48438,-1.07491,-1.64736,0.71892
1.52390,-2.47291,-1.48330,-1.07385,-1.64598,0.71797
1.52454,-2.47390,-1.48217,-1.07265,-1.64441,0.71649
1.52519,-2.47488,-1.48103,-1.07146,-1.64285,0.71501
1.52577,-2.47583,-1.47993,-1.07037,-1.64144,0.71345
1.52635,-2.47677,-1.47883,-1.06929,-1.64003,0.71190
1.52636,-2.47721,-1.47828,-1.06880,-1.64003,0.71169
1.52637,-2.47764,-1.47773,-1.06831,-1.64002,0.71148
1.52638,-2.47806,-1.47718,-1.06783,-1.64003,0.71127
1.52639,-2.47849,-1.47663,-1.06735,-1.64002,0.71106
1.52640,-2.47893,-1.47607,-1.06686,-1.64003,0.71082
1.52641,-2.47937,-1.47551,-1.06636,-1.64004,0.71060
1.52641,-2.47978,-1.47497,-1.06590,-1.64004,0.71035
1.52642,-2.48020,-1.47443,-1.06543,-1.64004,0.71012
1.52643,-2.48062,-1.47388,-1.06496,-1.64003,0.70989
1.52645,-2.48105,-1.47333,-1.06448,-1.64002,0.70967
1.52646,-2.48148,-1.47278,-1.06400,-1.64002,0.70944
1.52647,-2.48190,-1.47223,-1.06352,-1.64001,0.70922
1.52651,-2.48234,-1.47172,-1.06297,-1.63994,0.70885
1.52656,-2.48277,-1.47122,-1.06243,-1.63986,0.70848
1.52657,-2.48320,-1.47066,-1.06195,-1.63987,0.70828
1.52658,-2.48362,-1.47010,-1.06147,-1.63987,0.70808
1.52658,-2.48411,-1.46948,-1.06095,-1.63985,0.70794
1.52659,-2.48460,-1.46886,-1.06043,-1.63983,0.70779
1.52656,-2.48494,-1.46835,-1.06008,-1.63995,0.70761
1.52653,-2.48529,-1.46784,-1.05973,-1.64008,0.70742
1.52657,-2.48576,-1.46723,-1.05920,-1.63999,0.70725
1.52661,-2.48623,-1.46662,-1.05867,-1.63990,0.70709
1.52662,-2.48665,-1.46607,-1.05820,-1.63990,0.70687
1.52663,-2.48707,-1.46552,-1.05774,-1.63991,0.70666
1.52656,-2.48738,-1.46511,-1.05745,-1.64014,0.70643
1.52649,-2.48769,-1.46469,-1.05715,-1.64037,0.70621
1.52649,-2.48809,-1.46416,-1.05672,-1.64042,0.70601
1.52648,-2.48849,-1.46363,-1.05629,-1.64046,0.70580
1.52649,-2.48889,-1.46310,-1.05585,-1.64049,0.70561
1.52648,-2.48931,-1.46255,-1.05540,-1.64053,0.70542
1.52607,-2.48886,-1.46297,-1.05623,-1.64181,0.70640
1.52566,-2.48841,-1.46339,-1.05706,-1.64309,0.70736
1.52593,-2.48945,-1.46213,-1.05572,-1.64229,0.70619
1.52620,-2.49049,-1.46086,-1.05438,-1.64149,0.70502
1.52596,-2.49081,-1.46033,-1.05425,-1.64207,0.70476
1.52574,-2.49113,-1.45980,-1.05411,-1.64263,0.70450
1.52561,-2.49097,-1.46002,-1.05431,-1.64321,0.70545
1.52549,-2.49081,-1.46024,-1.05451,-1.64380,0.70641
1.52550,-2.49143,-1.45940,-1.05384,-1.64368,0.70513
1.52552,-2.49204,-1.45856,-1.05318,-1.64357,0.70385
1.52576,-2.49273,-1.45772,-1.05233,-1.64291,0.70475
1.52600,-2.49342,-1.45687,-1.05148,-1.64224,0.70564
1.52591,-2.49382,-1.45636,-1.05103,-1.64252,0.70426
1.52581,-2.49423,-1.45583,-1.05059,-1.64280,0.70289
1.52584,-2.49482,-1.45500,-1.04997,-1.64271,0.70306
1.52586,-2.49542,-1.45417,-1.04936,-1.64262,0.70322
1.52585,-2.49583,-1.45362,-1.04892,-1.64268,0.70302
1.52584,-2.49624,-1.45307,-1.04849,-1.64274,0.70283
1.52573,-2.49659,-1.45254,-1.04822,-1.64305,0.70256
1.52562,-2.49694,-1.45201,-1.04795,-1.64334,0.70228
1.52566,-2.49725,-1.45167,-1.04751,-1.64333,0.70171
1.52571,-2.49755,-1.45133,-1.04706,-1.64331,0.70113
1.52542,-2.49760,-1.45113,-1.04726,-1.64416,0.70102
1.52513,-2.49765,-1.45092,-1.04746,-1.64503,0.70091
1.52506,-2.49787,-1.45063,-1.04722,-1.64531,0.70091
1.52498,-2.49808,-1.45035,-1.04698,-1.64559,0.70091
1.52519,-2.49891,-1.44930,-1.04597,-1.64498,0.70041
1.52539,-2.49974,-1.44826,-1.04496,-1.64437,0.69991
1.52527,-2.49999,-1.44786,-1.04480,-1.64473,0.69992
1.52516,-2.50025,-1.44746,-1.04464,-1.64510,0.69993
1.52512,-2.50067,-1.44688,-1.04422,-1.64522,0.69949
1.52508,-2.50110,-1.44628,-1.04379,-1.64533,0.69905
1.52499,-2.50150,-1.44567,-1.04350,-1.64559,0.69919
1.52489,-2.50190,-1.44505,-1.04321,-1.64584,0.69933
1.52486,-2.50228,-1.44454,-1.04281,-1.64596,0.69909
1.52483,-2.50266,-1.44403,-1.04241,-1.64608,0.69884
1.52482,-2.50294,-1.44371,-1.04205,-1.64621,0.69817
1.52482,-2.50321,-1.44339,-1.04170,-1.64633,0.69750
1.52472,-2.50358,-1.44286,-1.04140,-1.64660,0.69730
1.52463,-2.50394,-1.44233,-1.04110,-1.64687,0.69712
1.52460,-2.50426,-1.44188,-1.04077,-1.64700,0.69679
1.52457,-2.50458,-1.44143,-1.04043,-1.64713,0.69647
1.52452,-2.50493,-1.44093,-1.04011,-1.64731,0.69626
1.52447,-2.50527,-1.44044,-1.03978,-1.64749,0.69605
1.52446,-2.50570,-1.43989,-1.03934,-1.64755,0.69590
1.52445,-2.50612,-1.43935,-1.03890,-1.64760,0.69575
1.52431,-2.50642,-1.43886,-1.03870,-1.64801,0.69558
1.52418,-2.50672,-1.43837,-1.03850,-1.64842,0.69541
1.52414,-2.50705,-1.43787,-1.03818,-1.64858,0.69517
1.52410,-2.50738,-1.43736,-1.03785,-1.64874,0.69494
1.52405,-2.50773,-1.43687,-1.03753,-1.64891,0.69474
1.52400,-2.50807,-1.43638,-1.03721,-1.64909,0.69453
1.52396,-2.50840,-1.43591,-1.03691,-1.64926,0.69438
1.52391,-2.50873,-1.43545,-1.03660,-1.64944,0.69422
1.52392,-2.50912,-1.43488,-1.03621,-1.64945,0.69409
1.52392,-2.50951,-1.43432,-1.03582,-1.64948,0.69398
1.52387,-2.50986,-1.43381,-1.03549,-1.64966,0.69379
1.52382,-2.51022,-1.43330,-1.03517,-1.64983,0.69360
1.52378,-2.51057,-1.43280,-1.03485,-1.65000,0.69340
1.52373,-2.51092,-1.43230,-1.03452,-1.65018,0.69321
1.52362,-2.51129,-1.43180,-1.03419,-1.65050,0.69300
1.52352,-2.51165,-1.43131,-1.03386,-1.65082,0.69278
1.52346,-2.51200,-1.43082,-1.03355,-1.65102,0.69260
1.52341,-2.51234,-1.43032,-1.03323,-1.65121,0.69241
1.52336,-2.51270,-1.42981,-1.03291,-1.65139,0.69221
1.52331,-2.51306,-1.42929,-1.03258,-1.65156,0.69201
1.52326,-2.51341,-1.42880,-1.03226,-1.65173,0.69181
1.52321,-2.51375,-1.42830,-1.03194,-1.65190,0.69162
1.52316,-2.51406,-1.42784,-1.03166,-1.65209,0.69143
1.52310,-2.51438,-1.42737,-1.03138,-1.65227,0.69125
1.52326,-2.51514,-1.42645,-1.03027,-1.65157,0.68993
1.52342,-2.51590,-1.42554,-1.02917,-1.65088,0.68861
1.52360,-2.51654,-1.42477,-1.02822,-1.65014,0.68748
1.52379,-2.51719,-1.42399,-1.02726,-1.64940,0.68635
1.52391,-2.51784,-1.42316,-1.02632,-1.64885,0.68513
1.52402,-2.51849,-1.42233,-1.02539,-1.64830,0.68391
1.52411,-2.51914,-1.42148,-1.02447,-1.64781,0.68257
1.52420,-2.51978,-1.42065,-1.02357,-1.64733,0.68124
1.52436,-2.52049,-1.41971,-1.02256,-1.64665,0.68003
1.52451,-2.52120,-1.41877,-1.02154,-1.64598,0.67881
1.52464,-2.52183,-1.41798,-1.02064,-1.64540,0.67768
1.52476,-2.52247,-1.41719,-1.01975,-1.64484,0.67655
1.52486,-2.52321,-1.41627,-1.01871,-1.64432,0.67525
1.52496,-2.52395,-1.41534,-1.01767,-1.64380,0.67394
1.52503,-2.52456,-1.41449,-1.01681,-1.64340,0.67263
1.52510,-2.52516,-1.41366,-1.01597,-1.64299,0.67131
1.52517,-2.52576,-1.41279,-1.01520,-1.64256,0.67024
1.52525,-2.52636,-1.41192,-1.01443,-1.64212,0.66919
1.52532,-2.52699,-1.41109,-1.01360,-1.64169,0.66808
1.52539,-2.52762,-1.41025,-1.01277,-1.64126,0.66697
1.52537,-2.52808,-1.40969,-1.01215,-1.64112,0.66589
1.52534,-2.52854,-1.40913,-1.01155,-1.64099,0.66482
1.52533,-2.52879,-1.40880,-1.01118,-1.64081,0.66429
1.52533,-2.52906,-1.40846,-1.01081,-1.64065,0.66377
1.52541,-2.53001,-1.40716,-1.00962,-1.64011,0.66268
1.52550,-2.53097,-1.40585,-1.00844,-1.63958,0.66160
1.52562,-2.53175,-1.40473,-1.00743,-1.63900,0.65987
1.52574,-2.53253,-1.40361,-1.00644,-1.63843,0.65815
1.52560,-2.53272,-1.40334,-1.00614,-1.63868,0.65736
1.52546,-2.53291,-1.40307,-1.00585,-1.63893,0.65656
1.52537,-2.53306,-1.40288,-1.00566,-1.63909,0.65675
1.52528,-2.53320,-1.40270,-1.00547,-1.63923,0.65693
1.52523,-2.53373,-1.40192,-1.00497,-1.63942,0.65691
1.52519,-2.53424,-1.40115,-1.00449,-1.63960,0.65689
1.52503,-2.53428,-1.40108,-1.00451,-1.64014,0.65788
1.52487,-2.53430,-1.40102,-1.00454,-1.64069,0.65886
1.52497,-2.53469,-1.40050,-1.00406,-1.64029,0.65881
1.52506,-2.53507,-1.39999,-1.00358,-1.63987,0.65876
1.52509,-2.53531,-1.39967,-1.00337,-1.63993,0.65905
1.52512,-2.53555,-1.39935,-1.00315,-1.63999,0.65935
1.52494,-2.53577,-1.39897,-1.00293,-1.64035,0.65929
1.52478,-2.53599,-1.39859,-1.00271,-1.64068,0.65922
1.52453,-2.53585,-1.39880,-1.00293,-1.64142,0.66041
1.52427,-2.53570,-1.39902,-1.00314,-1.64216,0.66161
1.52437,-2.53621,-1.39827,-1.00260,-1.64197,0.66076
1.52447,-2.53671,-1.39754,-1.00207,-1.64177,0.65990
1.52432,-2.53724,-1.39673,-1.00162,-1.64210,0.66059
1.52416,-2.53777,-1.39593,-1.00117,-1.64244,0.66129
1.52430,-2.53760,-1.39620,-1.00122,-1.64207,0.66171
1.52444,-2.53742,-1.39648,-1.00127,-1.64168,0.66214
1.52418,-2.53709,-1.39690,-1.00167,-1.64236,0.66181
1.52392,-2.53675,-1.39731,-1.00206,-1.64303,0.66147
1.52415,-2.53772,-1.39600,-1.00106,-1.64243,0.66249
1.52438,-2.53867,-1.39470,-1.00007,-1.64185,0.66352
1.52396,-2.53802,-1.39559,-1.00080,-1.64297,0.66326
1.52355,-2.53737,-1.39647,-1.00154,-1.64410,0.66299
1.52366,-2.53774,-1.39597,-1.00100,-1.64370,0.66374
1.52377,-2.53812,-1.39546,-1.00048,-1.64331,0.66448
1.52360,-2.53897,-1.39417,-0.99983,-1.64394,0.66512
1.52343,-2.53982,-1.39288,-0.99919,-1.64456,0.66575
1.52329,-2.53824,-1.39515,-1.00048,-1.64472,0.66650
1.52315,-2.53666,-1.39743,-1.00178,-1.64489,0.66724
1.52320,-2.53800,-1.39552,-1.00047,-1.64474,0.66810
1.52325,-2.53934,-1.39360,-0.99917,-1.64458,0.66895
1.52308,-2.53929,-1.39367,-0.99923,-1.64505,0.66942
1.52291,-2.53924,-1.39374,-0.99928,-1.64552,0.66989
1.52266,-2.53811,-1.39529,-1.00036,-1.64614,0.67030
1.52240,-2.53698,-1.39685,-1.00143,-1.64676,0.67070
1.52249,-2.53807,-1.39533,-1.00036,-1.64654,0.67011
1.52257,-2.53916,-1.39380,-0.99929,-1.64632,0.66953
1.52248,-2.53918,-1.39370,-0.99936,-1.64663,0.66894
1.52239,-2.53920,-1.39361,-0.99942,-1.64692,0.66834
1.52234,-2.53990,-1.39263,-0.99870,-1.64711,0.66994
1.52228,-2.54060,-1.39164,-0.99798,-1.64729,0.67152
1.52151,-2.54022,-1.39196,-0.99849,-1.64940,0.67195
1.52074,-2.53984,-1.39228,-0.99902,-1.65151,0.67237
1.52098,-2.53873,-1.39400,-0.99990,-1.65065,0.67281
1.52122,-2.53761,-1.39571,-1.00077,-1.64979,0.67326
1.52120,-2.53829,-1.39474,-1.00003,-1.64982,0.67374
1.52117,-2.53898,-1.39376,-0.99929,-1.64986,0.67423
1.51978,-2.53860,-1.39391,-0.99995,-1.65358,0.67529
1.51838,-2.53823,-1.39405,-1.00060,-1.65729,0.67635
1.51965,-2.53840,-1.39414,-1.00021,-1.65397,0.67638
1.52091,-2.53859,-1.39422,-0.99982,-1.65064,0.67642
1.52075,-2.53940,-1.39304,-0.99898,-1.65098,0.67609
1.52059,-2.54022,-1.39185,-0.99813,-1.65132,0.67576
1.52051,-2.53959,-1.39273,-0.99882,-1.65162,0.67570
1.52043,-2.53896,-1.39363,-0.99951,-1.65190,0.67564
1.51987,-2.53972,-1.39238,-0.99891,-1.65343,0.67718
1.51931,-2.54048,-1.39113,-0.99831,-1.65496,0.67871
1.51931,-2.54030,-1.39140,-0.99852,-1.65492,0.67796
1.51932,-2.54011,-1.39166,-0.99872,-1.65489,0.67721
1.51976,-2.53952,-1.39264,-0.99900,-1.65358,0.67734
1.52020,-2.53893,-1.39361,-0.99928,-1.65227,0.67747
1.51988,-2.54000,-1.39201,-0.99840,-1.65322,0.67739
1.51956,-2.54106,-1.39039,-0.99754,-1.65418,0.67731
1.51959,-2.54114,-1.39028,-0.99745,-1.65409,0.67769
1.51962,-2.54121,-1.39016,-0.99736,-1.65399,0.67807
1.51936,-2.54032,-1.39142,-0.99816,-1.65458,0.67816
1.51910,-2.53943,-1.39267,-0.99895,-1.65515,0.67825
1.51859,-2.53934,-1.39260,-0.99941,-1.65678,0.67785
1.51810,-2.53925,-1.39252,-0.99987,-1.65840,0.67745
1.51978,-2.54026,-1.39149,-0.99863,-1.65390,0.67512
1.52147,-2.54128,-1.39045,-0.99739,-1.64941,0.67278
1.52210,-2.54197,-1.38956,-0.99680,-1.64788,0.67069
1.52273,-2.54267,-1.38866,-0.99620,-1.64638,0.66861
1.52341,-2.54301,-1.38832,-0.99577,-1.64469,0.66860
1.52408,-2.54334,-1.38797,-0.99535,-1.64301,0.66859
1.52452,-2.54280,-1.38888,-0.99582,-1.64173,0.66663
1.52496,-2.54225,-1.38979,-0.99629,-1.64046,0.66467
1.52495,-2.54158,-1.39071,-0.99719,-1.64058,0.66462
1.52494,-2.54091,-1.39163,-0.99808,-1.64071,0.66458
1.52575,-2.54214,-1.38998,-0.99706,-1.63893,0.66131
1.52655,-2.54337,-1.38832,-0.99602,-1.63715,0.65804
1.52767,-2.54536,-1.38572,-0.99388,-1.63418,0.65807
1.52880,-2.54735,-1.38310,-0.99175,-1.63120,0.65810
1.52934,-2.54775,-1.38263,-0.99147,-1.62987,0.65810
1.52989,-2.54814,-1.38217,-0.99119,-1.62853,0.65811
1.53035,-2.54757,-1.38309,-0.99160,-1.62726,0.65588
1.53081,-2.54701,-1.38400,-0.99200,-1.62599,0.65365
1.53132,-2.54770,-1.38304,-0.99161,-1.62491,0.65330
1.53182,-2.54838,-1.38207,-0.99122,-1.62384,0.65295
1.53248,-2.54924,-1.38100,-0.99032,-1.62226,0.65329
1.53313,-2.55009,-1.37994,-0.98943,-1.62069,0.65363
1.53351,-2.54953,-1.38078,-0.99008,-1.61983,0.65162
1.53389,-2.54897,-1.38163,-0.99073,-1.61896,0.64962
1.53421,-2.54987,-1.38035,-0.99006,-1.61836,0.64981
1.53451,-2.55077,-1.37907,-0.98941,-1.61776,0.65000
1.53509,-2.55143,-1.37824,-0.98862,-1.61614,0.65173
1.53567,-2.55208,-1.37742,-0.98785,-1.61452,0.65347
1.53642,-2.55203,-1.37756,-0.98818,-1.61296,0.64846
1.53717,-2.55199,-1.37768,-0.98850,-1.61138,0.64344
1.53779,-2.55273,-1.37672,-0.98772,-1.60976,0.64452
1.53840,-2.55347,-1.37575,-0.98694,-1.60815,0.64559
1.53861,-2.55314,-1.37619,-0.98750,-1.60788,0.64267
1.53881,-2.55281,-1.37662,-0.98805,-1.60761,0.63976
1.53962,-2.55345,-1.37583,-0.98739,-1.60555,0.63878
1.54043,-2.55410,-1.37502,-0.98673,-1.60349,0.63780
1.54114,-2.55523,-1.37350,-0.98570,-1.60161,0.63874
1.54185,-2.55636,-1.37198,-0.98467,-1.59974,0.63968
1.54278,-2.55674,-1.37158,-0.98414,-1.59727,0.64064
1.54371,-2.55712,-1.37118,-0.98362,-1.59479,0.64158
1.54414,-2.55743,-1.37068,-0.98357,-1.59396,0.63900
1.54457,-2.55775,-1.37018,-0.98352,-1.59315,0.63643
1.54504,-2.55808,-1.36972,-0.98336,-1.59218,0.63489
1.54552,-2.55841,-1.36926,-0.98321,-1.59123,0.63336
1.54602,-2.55902,-1.36840,-0.98278,-1.59005,0.63296
1.54652,-2.55963,-1.36753,-0.98235,-1.58888,0.63257
1.54722,-2.56033,-1.36653,-0.98188,-1.58732,0.62998
1.54792,-2.56104,-1.36553,-0.98141,-1.58575,0.62740
1.54819,-2.56121,-1.36531,-0.98129,-1.58503,0.62844
1.54847,-2.56139,-1.36509,-0.98117,-1.58430,0.62947
1.54917,-2.56180,-1.36458,-0.98068,-1.58252,0.62862
1.54988,-2.56221,-1.36405,-0.98018,-1.58073,0.62777
1.55038,-2.56238,-1.36387,-0.98018,-1.57957,0.62557
1.55088,-2.56254,-1.36369,-0.98019,-1.57840,0.62336
1.55179,-2.56331,-1.36255,-0.97947,-1.57621,0.62257
1.55271,-2.56409,-1.36142,-0.97875,-1.57401,0.62178
1.55355,-2.56506,-1.36008,-0.97784,-1.57197,0.61896
1.55438,-2.56604,-1.35872,-0.97695,-1.56994,0.61614
1.55482,-2.56638,-1.35823,-0.97669,-1.56888,0.61511
1.55526,-2.56672,-1.35774,-0.97643,-1.56783,0.61409
1.55592,-2.56727,-1.35693,-0.97607,-1.56617,0.61396
1.55658,-2.56783,-1.35611,-0.97571,-1.56451,0.61382
1.55732,-2.56802,-1.35589,-0.97547,-1.56261,0.61207
1.55806,-2.56821,-1.35566,-0.97523,-1.56070,0.61032
1.55851,-2.56826,-1.35560,-0.97512,-1.55961,0.60809
1.55896,-2.56831,-1.35553,-0.97500,-1.55853,0.60588
1.55943,-2.56846,-1.35530,-0.97502,-1.55740,0.60488
1.55991,-2.56860,-1.35506,-0.97503,-1.55627,0.60388
1.56052,-2.56903,-1.35445,-0.97461,-1.55465,0.60237
1.56113,-2.56945,-1.35385,-0.97418,-1.55303,0.60085
1.56196,-2.57054,-1.35219,-0.97348,-1.55128,0.60007
1.56279,-2.57163,-1.35054,-0.97278,-1.54953,0.59927
1.56381,-2.57295,-1.34856,-0.97153,-1.54693,0.59810
1.56483,-2.57427,-1.34657,-0.97029,-1.54433,0.59692
1.56567,-2.57457,-1.34617,-0.96992,-1.54214,0.59539
1.56651,-2.57486,-1.34576,-0.96955,-1.53996,0.59387
1.56654,-2.57439,-1.34647,-0.96986,-1.53992,0.59211
1.56658,-2.57393,-1.34717,-0.97017,-1.53988,0.59035
1.56784,-2.57408,-1.34705,-0.96987,-1.53651,0.58964
1.56910,-2.57422,-1.34692,-0.96957,-1.53314,0.58892
1.56889,-2.57550,-1.34491,-0.96875,-1.53391,0.59019
1.56867,-2.57678,-1.34288,-0.96794,-1.53467,0.59146
1.56971,-2.57753,-1.34173,-0.96728,-1.53206,0.58869
1.57074,-2.57829,-1.34057,-0.96662,-1.52946,0.58591
1.57172,-2.57839,-1.34046,-0.96640,-1.52692,0.58493
1.57269,-2.57850,-1.34034,-0.96617,-1.52438,0.58396
1.57343,-2.57984,-1.33822,-0.96552,-1.52290,0.58210
1.57417,-2.58118,-1.33607,-0.96486,-1.52143,0.58023
1.57523,-2.58323,-1.33290,-0.96298,-1.51886,0.57837
1.57628,-2.58528,-1.32971,-0.96111,-1.51629,0.57652
1.57640,-2.58528,-1.32972,-0.96113,-1.51602,0.57650
1.57652,-2.58527,-1.32973,-0.96115,-1.51573,0.57649
1.57739,-2.58638,-1.32794,-0.96021,-1.51359,0.57379
1.57826,-2.58749,-1.32614,-0.95928,-1.51146,0.57111
1.57797,-2.58688,-1.32707,-0.95997,-1.51223,0.57179
1.57768,-2.58627,-1.32799,-0.96064,-1.51300,0.57247
1.57859,-2.58800,-1.32527,-0.95892,-1.51059,0.56983
1.57950,-2.58973,-1.32253,-0.95720,-1.50820,0.56720
1.57985,-2.58947,-1.32301,-0.95729,-1.50726,0.56762
1.58020,-2.58920,-1.32347,-0.95738,-1.50633,0.56805
1.58036,-2.59014,-1.32194,-0.95670,-1.50595,0.56744
1.58052,-2.59107,-1.32040,-0.95603,-1.50556,0.56684
1.58178,-2.59476,-1.31451,-0.95320,-1.50276,0.56374
1.58303,-2.59846,-1.30856,-0.95039,-1.49998,0.56063
1.58295,-2.59776,-1.30971,-0.95089,-1.49996,0.56210
1.58287,-2.59706,-1.31086,-0.95139,-1.49995,0.56357
1.58283,-2.59838,-1.30876,-0.95039,-1.50021,0.56336
1.58279,-2.59970,-1.30663,-0.94940,-1.50046,0.56315
1.58321,-2.60037,-1.30558,-0.94878,-1.49937,0.56304
1.58362,-2.60103,-1.30453,-0.94816,-1.49829,0.56293
1.58386,-2.60073,-1.30500,-0.94827,-1.49755,0.56267
1.58412,-2.60043,-1.30547,-0.94838,-1.49681,0.56239
1.58438,-2.60088,-1.30473,-0.94805,-1.49625,0.56240
1.58464,-2.60131,-1.30400,-0.94773,-1.49568,0.56243
1.58507,-2.60327,-1.30078,-0.94647,-1.49496,0.56202
1.58550,-2.60523,-1.29755,-0.94521,-1.49423,0.56162
1.58619,-2.60741,-1.29398,-0.94331,-1.49247,0.55940
1.58688,-2.60959,-1.29039,-0.94142,-1.49072,0.55717
1.58814,-2.61227,-1.28602,-0.93853,-1.48720,0.55611
1.58940,-2.61495,-1.28162,-0.93565,-1.48368,0.55504
1.58938,-2.61744,-1.27749,-0.93412,-1.48408,0.55298
1.58935,-2.61993,-1.27336,-0.93262,-1.48449,0.55093
1.58990,-2.61983,-1.27345,-0.93250,-1.48294,0.55156
1.59044,-2.61972,-1.27355,-0.93238,-1.48140,0.55218
1.58993,-2.62016,-1.27288,-0.93213,-1.48282,0.55230
1.58941,-2.62059,-1.27221,-0.93189,-1.48424,0.55241
1.58918,-2.62146,-1.27079,-0.93134,-1.48496,0.55284
1.58895,-2.62233,-1.26936,-0.93079,-1.48567,0.55326
1.58936,-2.62437,-1.26593,-0.92944,-1.48484,0.55275
1.58977,-2.62642,-1.26247,-0.92809,-1.48401,0.55223
1.58977,-2.62651,-1.26237,-0.92804,-1.48406,0.55232
1.58976,-2.62659,-1.26227,-0.92798,-1.48412,0.55242
1.59100,-2.62923,-1.25774,-0.92552,-1.48076,0.55065
1.59225,-2.63187,-1.25319,-0.92308,-1.47741,0.54886
1.59231,-2.63245,-1.25223,-0.92278,-1.47739,0.54723
1.59238,-2.63303,-1.25126,-0.92249,-1.47736,0.54557
1.59259,-2.63297,-1.25136,-0.92238,-1.47676,0.54629
1.59280,-2.63290,-1.25146,-0.92227,-1.47616,0.54701
1.59293,-2.63401,-1.24953,-0.92178,-1.47598,0.54611
1.59305,-2.63512,-1.24761,-0.92129,-1.47581,0.54521
1.59383,-2.63703,-1.24430,-0.91977,-1.47376,0.54507
1.59461,-2.63895,-1.24097,-0.91826,-1.47171,0.54493
1.59617,-2.64032,-1.23853,-0.91699,-1.46775,0.54409
1.59772,-2.64168,-1.23609,-0.91573,-1.46380,0.54325
1.59716,-2.64323,-1.23346,-0.91510,-1.46538,0.54327
1.59660,-2.64477,-1.23083,-0.91447,-1.46697,0.54328
1.59849,-2.64649,-1.22769,-0.91196,-1.46207,0.54192
1.60038,-2.64822,-1.22454,-0.90946,-1.45718,0.54053
1.60051,-2.64925,-1.22276,-0.90862,-1.45683,0.54057
1.60064,-2.65028,-1.22097,-0.90779,-1.45647,0.54060
1.60104,-2.65156,-1.21870,-0.90657,-1.45521,0.54012
1.60144,-2.65284,-1.21641,-0.90536,-1.45395,0.53965
1.60142,-2.65366,-1.21500,-0.90490,-1.45411,0.53954
1.60139,-2.65450,-1.21359,-0.90444,-1.45427,0.53943
1.60204,-2.65537,-1.21200,-0.90370,-1.45261,0.53997
1.60269,-2.65623,-1.21042,-0.90296,-1.45096,0.54050
1.60281,-2.65711,-1.20887,-0.90263,-1.45079,0.54057
1.60293,-2.65799,-1.20732,-0.90229,-1.45061,0.54063
1.60362,-2.65876,-1.20599,-0.90224,-1.44945,0.54089
1.60431,-2.65952,-1.20467,-0.90219,-1.44829,0.54114
1.60508,-2.66092,-1.20202,-0.90107,-1.44662,0.54023
1.60584,-2.66232,-1.19935,-0.89995,-1.44496,0.53931
1.60602,-2.66415,-1.19612,-0.89834,-1.44427,0.53864
1.60620,-2.66598,-1.19288,-0.89675,-1.44360,0.53799
1.60632,-2.66651,-1.19194,-0.89662,-1.44340,0.53840
1.60643,-2.66702,-1.19101,-0.89650,-1.44319,0.53882
1.60686,-2.66635,-1.19221,-0.89757,-1.44303,0.53909
1.60729,-2.66568,-1.19340,-0.89864,-1.44285,0.53934
1.60747,-2.66761,-1.18994,-0.89702,-1.44201,0.53877
1.60765,-2.66955,-1.18646,-0.89542,-1.44118,0.53819
1.60835,-2.67077,-1.18411,-0.89443,-1.43937,0.53812
1.60905,-2.67199,-1.18176,-0.89346,-1.43759,0.53806
1.60946,-2.67326,-1.17952,-0.89236,-1.43665,0.53766
1.60987,-2.67453,-1.17728,-0.89127,-1.43572,0.53727
1.61012,-2.67586,-1.17489,-0.89064,-1.43537,0.53649
1.61037,-2.67719,-1.17250,-0.89002,-1.43501,0.53570
1.61082,-2.67659,-1.17343,-0.89049,-1.43418,0.53631
1.61128,-2.67599,-1.17436,-0.89096,-1.43334,0.53692
1.61086,-2.67597,-1.17444,-0.89122,-1.43463,0.53646
1.61042,-2.67594,-1.17454,-0.89147,-1.43593,0.53600
1.61155,-2.67908,-1.16875,-0.88928,-1.43308,0.53563
1.61267,-2.68222,-1.16295,-0.88710,-1.43026,0.53526
1.61288,-2.68321,-1.16115,-0.88629,-1.42959,0.53519
1.61308,-2.68421,-1.15936,-0.88548,-1.42893,0.53512
1.61339,-2.68577,-1.15653,-0.88461,-1.42825,0.53478
1.61370,-2.68733,-1.15368,-0.88375,-1.42757,0.53444
1.61419,-2.68826,-1.15192,-0.88318,-1.42675,0.53411
1.61468,-2.68919,-1.15017,-0.88262,-1.42595,0.53379
1.61498,-2.69005,-1.14850,-0.88206,-1.42512,0.53388
1.61528,-2.69091,-1.14684,-0.88151,-1.42430,0.53397
1.61560,-2.69185,-1.14504,-0.88128,-1.42382,0.53400
1.61592,-2.69278,-1.14324,-0.88104,-1.42333,0.53403
1.61658,-2.69385,-1.14113,-0.88021,-1.42188,0.53357
1.61723,-2.69491,-1.13901,-0.87937,-1.42043,0.53311
1.61721,-2.69662,-1.13589,-0.87841,-1.42054,0.53247
1.61719,-2.69832,-1.13277,-0.87747,-1.42066,0.53183
1.61828,-2.69988,-1.12965,-0.87680,-1.41831,0.53127
1.61938,-2.70143,-1.12651,-0.87613,-1.41596,0.53072
1.61922,-2.70071,-1.12786,-0.87663,-1.41629,0.52896
1.61907,-2.69998,-1.12921,-0.87713,-1.41660,0.52721
1.61855,-2.69975,-1.12947,-0.87780,-1.41792,0.52602
1.61804,-2.69954,-1.12972,-0.87845,-1.41923,0.52483
1.61829,-2.69975,-1.12921,-0.87895,-1.41911,0.52310
1.61853,-2.69996,-1.12871,-0.87945,-1.41899,0.52137
1.61794,-2.69954,-1.12932,-0.88045,-1.42017,0.52104
1.61735,-2.69911,-1.12993,-0.88144,-1.42134,0.52070
1.61767,-2.69897,-1.13019,-0.88176,-1.42095,0.51848
1.61799,-2.69882,-1.13047,-0.88209,-1.42056,0.51627
1.61827,-2.69892,-1.13005,-0.88261,-1.42037,0.51424
1.61855,-2.69902,-1.12963,-0.88313,-1.42016,0.51222
1.61836,-2.69831,-1.13079,-0.88386,-1.42073,0.51076
1.61816,-2.69761,-1.13196,-0.88459,-1.42130,0.50931
1.61854,-2.69778,-1.13159,-0.88493,-1.42081,0.50723
1.61892,-2.69797,-1.13121,-0.88527,-1.42032,0.50513
1.61778,-2.69753,-1.13175,-0.88667,-1.42251,0.50609
1.61664,-2.69709,-1.13229,-0.88808,-1.42471,0.50705
1.61644,-2.69647,-1.13342,-0.88873,-1.42524,0.50569
1.61624,-2.69586,-1.13453,-0.88938,-1.42577,0.50432
1.61608,-2.69514,-1.13586,-0.88995,-1.42623,0.50268
1.61591,-2.69442,-1.13719,-0.89053,-1.42668,0.50104
1.61553,-2.69376,-1.13820,-0.89146,-1.42757,0.50008
1.61514,-2.69310,-1.13920,-0.89239,-1.42845,0.49912
1.61494,-2.69223,-1.14081,-0.89303,-1.42894,0.49760
1.61473,-2.69136,-1.14242,-0.89367,-1.42944,0.49607
1.61483,-2.69140,-1.14227,-0.89422,-1.42941,0.49453
1.61493,-2.69144,-1.14213,-0.89477,-1.42938,0.49299
1.61488,-2.69155,-1.14162,-0.89561,-1.42974,0.49176
1.61483,-2.69167,-1.14111,-0.89644,-1.43008,0.49053
1.61453,-2.69145,-1.14122,-0.89745,-1.43081,0.48985
1.61424,-2.69123,-1.14132,-0.89845,-1.43152,0.48917
1.61400,-2.69129,-1.14118,-0.89914,-1.43206,0.48835
1.61376,-2.69135,-1.14105,-0.89983,-1.43258,0.48752
1.61355,-2.69171,-1.14036,-0.90047,-1.43303,0.48678
1.61334,-2.69208,-1.13966,-0.90112,-1.43348,0.48605
1.61313,-2.69245,-1.13896,-0.90177,-1.43394,0.48531
1.61292,-2.69281,-1.13827,-0.90242,-1.43439,0.48458
1.61272,-2.69318,-1.13757,-0.90306,-1.43485,0.48384
1.61251,-2.69354,-1.13687,-0.90371,-1.43531,0.48310
1.61230,-2.69391,-1.13618,-0.90436,-1.43576,0.48236
1.61209,-2.69427,-1.13549,-0.90501,-1.43621,0.48162
1.61188,-2.69464,-1.13479,-0.90566,-1.43667,0.48089
1.61167,-2.69500,-1.13409,-0.90631,-1.43713,0.48015
1.61147,-2.69537,-1.13339,-0.90696,-1.43759,0.47942
1.61126,-2.69573,-1.13270,-0.90761,-1.43803,0.47868
1.61105,-2.69610,-1.13201,-0.90826,-1.43849,0.47793
1.61085,-2.69646,-1.13131,-0.90891,-1.43894,0.47719
1.61064,-2.69683,-1.13061,-0.90956,-1.43940,0.47645
1.61043,-2.69720,-1.12991,-0.91021,-1.43985,0.47571
1.61022,-2.69756,-1.12922,-0.91086,-1.44031,0.47497
1.61002,-2.69792,-1.12853,-0.91151,-1.44076,0.47422
1.60981,-2.69828,-1.12784,-0.91217,-1.44121,0.47348
1.60961,-2.69865,-1.12714,-0.91282,-1.44166,0.47275
1.60940,-2.69901,-1.12645,-0.91347,-1.44212,0.47200
1.60920,-2.69937,-1.12575,-0.91412,-1.44257,0.47126
1.60899,-2.69973,-1.12506,-0.91478,-1.44302,0.47051
1.60878,-2.70009,-1.12437,-0.91543,-1.44348,0.46977
1.60858,-2.70046,-1.12367,-0.91608,-1.44393,0.46902
1.60837,-2.70082,-1.12298,-0.91674,-1.44438,0.46827
1.60817,-2.70118,-1.12228,-0.91740,-1.44484,0.46754
1.60796,-2.70154,-1.12158,-0.91805,-1.44530,0.46679
1.60776,-2.70190,-1.12089,-0.91871,-1.44575,0.46604
1.60755,-2.70226,-1.12020,-0.91936,-1.44620,0.46529
1.60735,-2.70262,-1.11951,-0.92002,-1.44665,0.46454
1.60714,-2.70299,-1.11881,-0.92067,-1.44710,0.46380
1.60694,-2.70335,-1.11812,-0.92133,-1.44755,0.46305
1.60673,-2.70370,-1.11744,-0.92199,-1.44801,0.46231
1.60653,-2.70406,-1.11674,-0.92265,-1.44846,0.46155
1.60632,-2.70443,-1.11604,-0.92330,-1.44891,0.46081
1.60612,-2.70478,-1.11536,-0.92396,-1.44937,0.46006
1.60592,-2.70514,-1.11466,-0.92462,-1.44981,0.45931
1.60571,-2.70550,-1.11397,-0.92528,-1.45027,0.45856
1.60551,-2.70586,-1.11327,-0.92594,-1.45072,0.45781
1.60531,-2.70622,-1.11259,-0.92660,-1.45117,0.45706
1.60510,-2.70658,-1.11189,-0.92726,-1.45163,0.45631
1.60490,-2.70693,-1.11120,-0.92792,-1.45207,0.45555
1.60470,-2.70729,-1.11051,-0.92858,-1.45253,0.45481
1.60449,-2.70765,-1.10982,-0.92924,-1.45298,0.45405
1.60429,-2.70800,-1.10913,-0.92990,-1.45343,0.45330
1.60409,-2.70836,-1.10844,-0.93057,-1.45388,0.45255
1.60389,-2.70872,-1.10775,-0.93123,-1.45433,0.45180
1.60368,-2.70907,-1.10706,-0.93189,-1.45478,0.45104
1.60348,-2.70943,-1.10637,-0.93255,-1.45524,0.45029
1.60328,-2.70979,-1.10568,-0.93321,-1.45568,0.44953
1.60308,-2.71015,-1.10499,-0.93388,-1.45613,0.44877
1.60288,-2.71050,-1.10429,-0.93454,-1.45658,0.44802
1.60267,-2.71085,-1.10361,-0.93521,-1.45704,0.44727
1.60247,-2.71121,-1.10291,-0.93587,-1.45749,0.44651
1.60227,-2.71156,-1.10224,-0.93653,-1.45794,0.44576
1.60207,-2.71192,-1.10154,-0.93720,-1.45839,0.44499
1.60187,-2.71227,-1.10086,-0.93787,-1.45883,0.44424
1.60167,-2.71263,-1.10016,-0.93853,-1.45928,0.44348
1.60147,-2.71298,-1.09947,-0.93920,-1.45974,0.44273
1.60127,-2.71334,-1.09878,-0.93986,-1.46018,0.44197
1.60107,-2.71369,-1.09810,-0.94053,-1.46063,0.44121
1.60087,-2.71404,-1.09741,-0.94119,-1.46108,0.44045
1.60066,-2.71440,-1.09672,-0.94186,-1.46154,0.43970
1.60047,-2.71475,-1.09603,-0.94253,-1.46198,0.43893
1.60026,-2.71510,-1.09534,-0.94320,-1.46243,0.43818
